COUNTRY_YEAR_ID,Crime_rate,Personal_safety_score,Access_to_internet,Educational_quality,Unemployement_rate,Housing_affordability,Political_stability,Transportation_infra,Tourism_facility_quality,Safety_infra_index_id
1,0.3745,0.909,0.9427,0.4264,0.8449,0.1565,0.9369,0.8247,0.9044,1
2,0.9507,0.1797,0.7852,0.5481,0.3597,0.3666,0.3773,0.4022,0.1981,2
3,0.732,0.2375,0.9913,0.1746,0.6872,0.6191,0.6641,0.1024,0.0258,3
4,0.5987,0.9714,0.5445,0.2959,0.3128,0.1594,0.2551,0.0615,0.0203,4
5,0.156,0.181,0.9628,0.6638,0.0609,0.968,0.127,0.0513,0.6223,5
6,0.156,0.8544,0.0756,0.9653,0.7016,0.9147,0.0585,0.3802,0.6617,6
7,0.0581,0.4923,0.3657,0.0504,0.0098,0.167,0.3054,0.3372,0.311,7
8,0.8662,0.2472,0.2254,0.8904,0.4092,0.1212,0.1577,0.7179,0.32,8
9,0.6011,0.8707,0.1958,0.5769,0.3294,0.0854,0.174,0.7428,0.3395,9
10,0.7081,0.4453,0.1408,0.5639,0.6934,0.9094,0.7608,0.0509,0.6802,10
11,0.0206,0.5148,0.6224,0.5003,0.7662,0.1936,0.0158,0.2211,0.0581,11
12,0.9699,0.3592,0.7813,0.0694,0.3041,0.4163,0.5578,0.2743,0.9291,12
13,0.8324,0.593,0.5783,0.0899,0.8116,0.4489,0.3795,0.5476,0.2225,13
14,0.2123,0.1635,0.147,0.6009,0.2939,0.599,0.5065,0.1445,0.9997,14
15,0.1818,0.3911,0.8111,0.341,0.4463,0.0717,0.5628,0.1339,0.1715,15
16,0.1834,0.9694,0.636,0.9173,0.727,0.2268,0.3134,0.9438,0.7715,16
17,0.3042,0.2581,0.3882,0.4066,0.6929,0.9315,0.2951,0.8042,0.2234,17
18,0.5248,0.6567,0.6741,0.1433,0.9874,0.9084,0.7334,0.1807,0.0808,18
19,0.4319,0.3252,0.2599,0.7147,0.2252,0.7813,0.8713,0.4066,0.8749,19
20,0.2912,0.7735,0.3452,0.2934,0.6623,0.0194,0.1926,0.3556,0.8588,20
21,0.6119,0.1309,0.9175,0.5255,0.6097,0.327,0.0976,0.791,0.4036,21
22,0.1395,0.9698,0.2905,0.6978,0.9151,0.628,0.8978,0.5102,0.7024,22
23,0.2921,0.4538,0.47,0.9003,0.1564,0.2752,0.3499,0.1278,0.5571,23
24,0.3664,0.2361,0.8901,0.7922,0.7518,0.9096,0.5513,0.739,0.853,24
25,0.4561,0.0735,0.7077,0.6764,0.5683,0.6339,0.3595,0.3969,0.3151,25
26,0.7852,0.1698,0.0622,0.6796,0.2747,0.0719,0.1258,0.2629,0.5237,26
27,0.1997,0.5198,0.1473,0.9459,0.4744,0.909,0.5893,0.3755,0.4854,27
28,0.5142,0.337,0.0078,0.2958,0.3338,0.9578,0.5251,0.4978,0.3539,28
29,0.5924,0.8289,0.6309,0.0011,0.5793,0.0777,0.203,0.3431,0.8915,29
30,0.0465,0.4309,0.4477,0.272,0.889,0.5324,0.4519,0.2419,0.1659,30
31,0.6075,0.2487,0.1343,0.2179,0.5693,0.3034,0.7969,0.3985,0.1495,31
32,0.1705,0.6171,0.9579,0.6618,0.6317,0.3928,0.5904,0.0192,0.5769,32
33,0.0651,0.7068,0.5297,0.6337,0.5187,0.1797,0.0969,0.7725,0.6575,33
34,0.9489,0.167,0.2419,0.5935,0.0512,0.5781,0.548,0.1709,0.1946,34
35,0.9656,0.1676,0.5006,0.0162,0.2329,0.958,0.7027,0.0439,0.3907,35
36,0.8084,0.0367,0.6796,0.7288,0.492,0.5031,0.7927,0.6537,0.9466,36
37,0.3046,0.7364,0.0762,0.3235,0.3102,0.0829,0.6291,0.7739,0.2466,37
38,0.0977,0.6638,0.2747,0.6651,0.1818,0.62,0.1527,0.8138,0.6684,38
39,0.6842,0.4746,0.807,0.5566,0.5041,0.3402,0.7102,0.4935,0.7401,39
40,0.4402,0.8442,0.4597,0.3427,0.3228,0.8559,0.6773,0.2054,0.4481,40
41,0.122,0.8057,0.5466,0.1346,0.2581,0.4347,0.0244,0.7372,0.9375,41
42,0.4952,0.5854,0.4328,0.0944,0.464,0.1928,0.4117,0.6997,0.7367,42
43,0.0344,0.8683,0.0439,0.8315,0.1333,0.1911,0.333,0.2463,0.4579,43
44,0.9093,0.2058,0.1657,0.9184,0.9277,0.7688,0.6694,0.9034,0.5693,44
45,0.2588,0.1119,0.4455,0.6498,0.8677,0.2656,0.2161,0.1044,0.6926,45
46,0.6625,0.2697,0.2092,0.1034,0.7076,0.7672,0.5909,0.9827,0.5922,46
47,0.3117,0.0571,0.05,0.402,0.1062,0.2059,0.9132,0.8602,0.8787,47
48,0.5201,0.5312,0.8436,0.7289,0.7759,0.3217,0.7978,0.6879,0.3569,48
49,0.5467,0.9366,0.9812,0.7798,0.808,0.4655,0.9215,0.9387,0.2999,49
50,0.1849,0.0393,0.7931,0.1182,0.7678,0.9432,0.9785,0.7223,0.2138,50
51,0.9696,0.1221,0.8538,0.0,0.114,0.9317,0.0107,0.1905,0.0378,51
52,0.7751,0.4522,0.242,0.7121,0.6439,0.2069,0.6227,0.4422,0.043,52
53,0.9395,0.9339,0.9606,0.3566,0.8343,0.3582,0.4128,0.0715,0.8701,53
54,0.8948,0.3162,0.1969,0.2545,0.5774,0.1494,0.8599,0.3897,0.6784,54
55,0.5979,0.5072,0.9514,0.0129,0.6464,0.51,0.2518,0.7416,0.6605,55
56,0.9219,0.0416,0.9948,0.5403,0.4584,0.4606,0.981,0.3864,0.6146,56
57,0.0885,0.1483,0.7117,0.8512,0.5287,0.9008,0.6137,0.3303,0.8492,57
58,0.196,0.9866,0.9811,0.9576,0.0344,0.93,0.7935,0.5954,0.4803,58
59,0.0452,0.9651,0.5695,0.5657,0.639,0.3836,0.0856,0.8722,0.8704,59
60,0.3253,0.0049,0.2595,0.5145,0.0814,0.4917,0.1835,0.0476,0.3594,60
61,0.3887,0.9518,0.437,0.0851,0.435,0.8962,0.7584,0.3855,0.9267,61
62,0.2713,0.6391,0.5936,0.5489,0.2927,0.8067,0.022,0.1582,0.6987,62
63,0.8287,0.8679,0.0731,0.38,0.5454,0.0037,0.8169,0.6954,0.2572,63
64,0.3568,0.4547,0.6223,0.6071,0.1334,0.3201,0.0139,0.1057,0.5641,64
65,0.2809,0.5156,0.9812,0.3887,0.6916,0.4218,0.6571,0.6648,0.533,65
66,0.5427,0.4888,0.1901,0.2403,0.795,0.2297,0.3651,0.2862,0.1379,66
67,0.1409,0.6669,0.7926,0.095,0.1634,0.1996,0.6115,0.1989,0.5912,67
68,0.8022,0.1397,0.9079,0.3149,0.1043,0.0378,0.696,0.9364,0.3148,68
69,0.0746,0.03,0.9437,0.0966,0.1455,0.6434,0.3425,0.0185,0.0523,69
70,0.9869,0.3079,0.9601,0.1769,0.8771,0.2625,0.108,0.4378,0.9487,70
71,0.7722,0.7047,0.5215,0.9873,0.5282,0.0523,0.0696,0.0216,0.6415,71
72,0.1987,0.2019,0.9773,0.4441,0.4673,0.231,0.5889,0.4836,0.8769,72
73,0.0055,0.6734,0.7573,0.5319,0.1067,0.8019,0.5207,0.501,0.6761,73
74,0.8155,0.9699,0.1617,0.8736,0.6496,0.8515,0.7422,0.3217,0.357,74
75,0.7069,0.0939,0.4769,0.9956,0.868,0.4831,0.5097,0.1322,0.5127,75
76,0.729,0.6726,0.7183,0.5827,0.8282,0.4161,0.4224,0.3764,0.6757,76
77,0.7713,0.4438,0.2473,0.8125,0.6261,0.9779,0.3981,0.6723,0.9603,77
78,0.074,0.8681,0.6406,0.3269,0.0753,0.2006,0.0264,0.7824,0.2537,78
79,0.3585,0.1771,0.6666,0.3057,0.1124,0.2154,0.3356,0.5308,0.875,79
80,0.1159,0.6926,0.1627,0.4027,0.0493,0.2919,0.976,0.5898,0.9241,80
81,0.8631,0.8381,0.5651,0.6725,0.2575,0.1728,0.8736,0.2006,0.6704,81
82,0.6233,0.9446,0.7716,0.6822,0.1357,0.3794,0.3294,0.2873,0.9313,82
83,0.3309,0.6832,0.4989,0.3152,0.26,0.9108,0.5878,0.1619,0.3979,83
84,0.0636,0.4972,0.0121,0.1332,0.3851,0.6153,0.8473,0.2493,0.953,84
85,0.311,0.6178,0.009,0.6324,0.943,0.4119,0.4413,0.2249,0.7028,85
86,0.3252,0.8689,0.357,0.1283,0.6104,0.9344,0.018,0.5194,0.042,86
88,0.7296,0.5706,0.9262,0.5785,0.835,0.0485,0.0745,0.5627,0.9069,87
88,0.6376,0.0304,0.2287,0.6934,0.7104,0.2103,0.5104,0.9449,0.4845,88
89,0.8872,0.9309,0.6344,0.7006,0.1125,0.5659,0.9694,0.1956,0.4603,89
90,0.4722,0.6895,0.2221,0.7535,0.7359,0.6156,0.6932,0.6417,0.5665,90
91,0.1196,0.6765,0.3217,0.8729,0.2751,0.0396,0.0709,0.8173,0.1494,91
92,0.7132,0.2157,0.848,0.5,0.6391,0.403,0.1894,0.5602,0.4692,92
93,0.7608,0.6589,0.7289,0.7302,0.341,0.6492,0.7713,0.255,0.8311,93
94,0.5613,0.3939,0.0954,0.6192,0.9977,0.6981,0.8414,0.2626,0.0155,94
95,0.771,0.6512,0.4287,0.1866,0.2636,0.6381,0.6177,0.0393,0.2729,95
96,0.4938,0.1066,0.0292,0.0257,0.2791,0.3206,0.6444,0.3054,0.0025,96
97,0.5227,0.6578,0.4809,0.2845,0.9307,0.0935,0.0283,0.7446,0.4157,97
98,0.4275,0.9994,0.6624,0.443,0.0246,0.4271,0.8285,0.0475,0.7283,98
99,0.0254,0.0482,0.1185,0.6171,0.6967,0.1288,0.7883,0.2193,0.7988,99
100,0.1079,0.9772,0.2889,0.85,0.7253,0.9476,0.259,0.7062,0.9452,100
101,0.0314,0.4069,0.3978,0.1962,0.8364,0.4752,0.7087,0.7827,0.6085,101
102,0.6364,0.8708,0.9195,0.1255,0.9744,0.3173,0.2149,0.4553,0.2546,102
103,0.3144,0.7824,0.9933,0.9635,0.9756,0.7663,0.0403,0.6981,0.9241,103
104,0.5086,0.567,0.0449,0.108,0.0653,0.4979,0.2011,0.388,0.7753,104
105,0.9076,0.7384,0.761,0.4785,0.8218,0.31,0.1786,0.1599,0.5744,105
106,0.2493,0.8785,0.3717,0.5856,0.6463,0.812,0.3377,0.3981,0.6956,106
107,0.4104,0.4041,0.3925,0.5414,0.6473,0.8672,0.4184,0.58,0.9243,107
108,0.7556,0.327,0.7543,0.086,0.1283,0.673,0.5085,0.9481,0.7124,108
109,0.2288,0.6676,0.9184,0.057,0.6502,0.047,0.4768,0.0688,0.3684,109
110,0.077,0.8078,0.9509,0.1055,0.9825,0.5663,0.2707,0.5074,0.713,110
111,0.2898,0.7623,0.5771,0.5856,0.9118,0.7633,0.0292,0.3289,0.0403,111
112,0.1612,0.7978,0.3571,0.5443,0.4391,0.1365,0.6051,0.5083,0.3864,112
114,0.9297,0.4356,0.7875,0.2337,0.0399,0.2287,0.3957,0.024,0.4063,113
115,0.8081,0.8178,0.251,0.6378,0.3623,0.8825,0.2987,0.313,0.1668,114
116,0.6334,0.1202,0.5641,0.8201,0.8264,0.0201,0.8669,0.8199,0.0231,115
117,0.8715,0.5445,0.3586,0.0416,0.7015,0.7527,0.7467,0.5539,0.1334,116
118,0.8037,0.0058,0.6566,0.4981,0.4593,0.4738,0.8578,0.4506,0.6546,117
119,0.1866,0.3246,0.2404,0.6893,0.0551,0.4468,0.495,0.2855,0.8023,118
120,0.8926,0.3665,0.1916,0.2523,0.4269,0.0071,0.1309,0.298,0.9882,119
121,0.5393,0.3962,0.9182,0.3078,0.469,0.8194,0.6962,0.3831,0.3464,120
123,0.8074,0.6955,0.1018,0.6136,0.9286,0.3598,0.2061,0.8356,0.5994,121
124,0.8961,0.3886,0.506,0.8979,0.6411,0.5408,0.4412,0.9672,0.9371,122
125,0.318,0.4487,0.2209,0.8099,0.3117,0.6773,0.065,0.4387,0.167,123
126,0.1101,0.2375,0.0389,0.5831,0.5253,0.7026,0.8253,0.3934,0.7176,124
127,0.2279,0.3733,0.036,0.7302,0.0661,0.956,0.1259,0.8466,0.755,125
128,0.4271,0.2273,0.1752,0.3648,0.9726,0.5313,0.9031,0.4269,0.089,126
129,0.818,0.0732,0.8668,0.641,0.3601,0.3997,0.8642,0.552,0.8612,127
130,0.8607,0.6034,0.2825,0.4662,0.4779,0.9537,0.4646,0.2309,0.8131,128
131,0.007,0.6682,0.9505,0.1899,0.3553,0.6421,0.7444,0.7435,0.0334,129
132,0.5107,0.6195,0.5816,0.7017,0.6825,0.2982,0.6194,0.532,0.0911,130
133,0.4174,0.4635,0.4366,0.5565,0.6622,0.1265,0.8031,0.809,0.0491,131
134,0.2221,0.3798,0.5801,0.3586,0.7153,0.8426,0.4318,0.7807,0.3347,132
135,0.1199,0.8633,0.5167,0.9113,0.2681,0.3622,0.7858,0.215,0.5093,133
136,0.3376,0.5191,0.7588,0.0209,0.3157,0.6605,0.4625,0.7156,0.5323,134
137,0.9429,0.4792,0.2825,0.3158,0.1253,0.4708,0.941,0.8001,0.2677,135
138,0.3232,0.0256,0.3531,0.0569,0.6555,0.1989,0.4864,0.3461,0.9116,136
139,0.5188,0.3412,0.8941,0.7665,0.0398,0.6017,0.4626,0.1726,0.3683,137
140,0.703,0.3802,0.9465,0.7021,0.5977,0.0607,0.7851,0.0026,0.0456,138
141,0.3636,0.3988,0.8926,0.3314,0.8697,0.4133,0.8216,0.4509,0.3002,139
142,0.9718,0.5802,0.4194,0.6757,0.8908,0.5466,0.5545,0.3524,0.5311,140
143,0.9624,0.5336,0.7804,0.3959,0.449,0.436,0.1798,0.5549,0.4082,141
144,0.2518,0.6079,0.4763,0.7563,0.4593,0.7487,0.4678,0.188,0.2738,142
145,0.4972,0.7649,0.4975,0.4542,0.077,0.8279,0.9681,0.8597,0.1313,143
146,0.3009,0.813,0.2047,0.4123,0.6708,0.7712,0.753,0.2578,0.8192,144
147,0.2848,0.7181,0.5911,0.9347,0.8213,0.0388,0.8112,0.2264,0.9961,145
148,0.0369,0.9555,0.1861,0.2509,0.2447,0.1941,0.0328,0.4807,0.3295,146
149,0.6096,0.0182,0.3316,0.1204,0.4213,0.5366,0.4679,0.4989,0.3816,147
150,0.5027,0.1958,0.855,0.5845,0.8388,0.9348,0.6466,0.2151,0.618,148
152,0.0515,0.0076,0.2071,0.9693,0.8771,0.835,0.83,0.2719,0.7184,149
154,0.2786,0.6475,0.0712,0.3778,0.2432,0.8425,0.0493,0.1697,0.392,150
155,0.9083,0.898,0.069,0.062,0.5506,0.3032,0.8524,0.7185,0.9049,151
158,0.2396,0.2435,0.9408,0.3393,0.1925,0.4294,0.5484,0.7701,0.56,152
159,0.1449,0.927,0.5069,0.5059,0.1019,0.4707,0.1973,0.4623,0.4504,153
160,0.4895,0.0603,0.4094,0.1619,0.9111,0.1574,0.3173,0.7141,0.6467,154
161,0.9857,0.9344,0.8109,0.6581,0.8205,0.0311,0.2819,0.7359,0.9528,155
162,0.2421,0.3516,0.8358,0.9977,0.76,0.9469,0.5309,0.1383,0.7946,156
164,0.6721,0.1014,0.3322,0.4517,0.0488,0.2407,0.0517,0.9662,0.04,157
165,0.7616,0.4859,0.6936,0.3547,0.8437,0.2399,0.1585,0.821,0.3323,158
169,0.2376,0.2568,0.7711,0.4007,0.438,0.0834,0.8127,0.2045,0.4705,159
170,0.7282,0.2849,0.6547,0.1151,0.3424,0.9285,0.1326,0.1862,0.3145,160
171,0.3678,0.3073,0.1516,0.8833,0.5465,0.5797,0.2334,0.1257,0.7002,161
172,0.6323,0.803,0.8759,0.4148,0.0914,0.667,0.4534,0.1384,0.8263,162
173,0.6335,0.5392,0.5391,0.3873,0.7566,0.9116,0.5171,0.7482,0.7313,163
174,0.5358,0.3113,0.2825,0.6597,0.5824,0.3456,0.7636,0.4697,0.9893,164
175,0.0903,0.6103,0.4252,0.442,0.1866,0.6215,0.4473,0.7829,0.2725,165
176,0.8353,0.7162,0.0376,0.6482,0.1882,0.0388,0.7899,0.7463,0.875,166
177,0.3208,0.2726,0.1279,0.0614,0.1842,0.1868,0.6183,0.6046,0.7666,167
178,0.1865,0.4135,0.7655,0.8137,0.057,0.8312,0.1131,0.6864,0.3622,168
179,0.0408,0.1219,0.0,0.9405,0.5878,0.7668,0.1563,0.0184,0.7341,169
180,0.5909,0.1811,0.4166,0.6488,0.8403,0.3506,0.437,0.3118,0.1041,170
181,0.6776,0.6811,0.5225,0.9546,0.0175,0.3768,0.3969,0.6378,0.7893,171
182,0.0166,0.1814,0.0546,0.1514,0.049,0.5336,0.7435,0.0093,0.5323,172
183,0.5121,0.5252,0.9731,0.4774,0.5728,0.0002,0.5807,0.033,0.2923,173
184,0.2265,0.709,0.2261,0.6018,0.8195,0.2412,0.3881,0.8519,0.6558,174
185,0.6452,0.1069,0.3042,0.5817,0.3267,0.2082,0.1708,0.684,0.6416,175
186,0.1744,0.5673,0.3039,0.4015,0.3496,0.2505,0.2268,0.2654,0.2095,176
187,0.6909,0.2566,0.2304,0.3381,0.5963,0.8059,0.5755,0.688,0.0304,177
188,0.3867,0.9629,0.0015,0.1268,0.2742,0.2797,0.4234,0.7925,0.4336,178
189,0.9367,0.4835,0.7293,0.3917,0.0266,0.1915,0.5149,0.3068,0.5695,179
190,0.1375,0.806,0.9668,0.1627,0.7352,0.5043,0.1707,0.036,0.8766,180
191,0.3411,0.5502,0.2243,0.7344,0.6256,0.8656,0.6629,0.9328,0.9282,181
192,0.1135,0.0434,0.663,0.2088,0.5808,0.2413,0.8525,0.3452,0.5288,182
193,0.9247,0.6332,0.7419,0.0586,0.7417,0.0785,0.2579,0.1065,0.7538,183
194,0.8773,0.9514,0.8484,0.5524,0.6752,0.3564,0.4915,0.4919,0.4393,184
195,0.2579,0.6016,0.4226,0.5952,0.2059,0.7477,0.9755,0.7685,0.7461,185
196,0.66,0.8192,0.3029,0.8719,0.3525,0.5507,0.3332,0.2216,0.2048,186
197,0.8172,0.8842,0.3253,0.577,0.1261,0.8168,0.595,0.2695,0.3711,187
198,0.5552,0.2281,0.7126,0.3455,0.1299,0.9596,0.0902,0.2427,0.6342,188
199,0.5297,0.212,0.8168,0.803,0.6762,0.7927,0.606,0.9917,0.0182,189
200,0.2419,0.611,0.1816,0.5403,0.8586,0.6038,0.0896,0.1974,0.7225,190
201,0.0931,0.411,0.3709,0.0793,0.9627,0.4933,0.9592,0.5755,0.8355,191
202,0.8972,0.8399,0.9019,0.5659,0.6283,0.0401,0.7157,0.9253,0.3991,192
203,0.9004,0.9,0.8067,0.908,0.1841,0.9843,0.7882,0.1469,0.4479,193
204,0.6331,0.3534,0.9849,0.3963,0.1057,0.3835,0.7041,0.9709,0.8513,194
205,0.339,0.2369,0.7542,0.2963,0.8129,0.1522,0.5897,0.9475,0.7757,195
206,0.3492,0.7805,0.3932,0.1435,0.5788,0.6667,0.4499,0.8846,0.2881,196
207,0.726,0.2748,0.5906,0.1514,0.6183,0.2843,0.8584,0.2146,0.324,197
208,0.8971,0.8226,0.661,0.4328,0.7815,0.5858,0.9568,0.6341,0.6789,198
209,0.8871,0.4237,0.0785,0.5957,0.7033,0.5868,0.499,0.7609,0.5632,199
210,0.7799,0.6675,0.5445,0.0806,0.8345,0.4457,0.9315,0.986,0.1622,200
211,0.642,0.0955,0.7093,0.9396,0.0562,0.8361,0.5833,0.1804,0.3099,201
212,0.0841,0.6239,0.1673,0.7551,0.7475,0.265,0.5384,0.766,0.9,202
213,0.1616,0.4518,0.7806,0.5866,0.8509,0.4486,0.4545,0.3388,0.6882,203
214,0.8986,0.5866,0.5838,0.8284,0.2861,0.5377,0.2093,0.1756,0.986,204
215,0.6064,0.168,0.9522,0.0802,0.6404,0.6636,0.0037,0.4214,0.767,205
216,0.0092,0.7369,0.0424,0.4768,0.3142,0.784,0.2415,0.7938,0.942,206
217,0.1015,0.8628,0.2653,0.6301,0.958,0.3948,0.5097,0.4648,0.2162,207
218,0.6635,0.2167,0.6016,0.8287,0.0334,0.646,0.38,0.5375,0.7715,208
219,0.0051,0.0957,0.2966,0.7835,0.5798,0.1506,0.4485,0.9952,0.0202,209
220,0.1608,0.0236,0.7144,0.2771,0.1665,0.9326,0.9806,0.3991,0.6708,210
221,0.5487,0.642,0.759,0.9409,0.7122,0.3831,0.3503,0.6154,0.4693,211
222,0.6919,0.6071,0.1025,0.1243,0.1759,0.7295,0.4522,0.3652,0.3468,212
223,0.652,0.5467,0.5139,0.8751,0.2354,0.0203,0.1335,0.3928,0.8624,213
224,0.2243,0.2319,0.5089,0.9709,0.4944,0.2052,0.048,0.6956,0.8543,214
225,0.7122,0.3909,0.3693,0.1772,0.9148,0.4871,0.7754,0.9379,0.0223,215
226,0.2372,0.5945,0.9329,0.7221,0.2117,0.8783,0.5707,0.5424,0.6095,216
227,0.3254,0.4968,0.8275,0.0403,0.1442,0.5273,0.7607,0.7684,0.3678,217
228,0.7465,0.9878,0.6972,0.4054,0.759,0.9299,0.1499,0.0892,0.4157,218
229,0.6496,0.1364,0.7143,0.5163,0.5006,0.4838,0.5718,0.2112,0.832,219
230,0.8492,0.6951,0.4617,0.5806,0.9118,0.4904,0.2536,0.5021,0.3098,220
231,0.6576,0.4043,0.921,0.9359,0.1466,0.1197,0.2281,0.02,0.943,221
232,0.5683,0.4282,0.6946,0.6723,0.6459,0.8027,0.0115,0.2529,0.1796,222
233,0.0937,0.7176,0.729,0.4813,0.2329,0.247,0.1303,0.5174,0.6627,223
234,0.3677,0.6924,0.8617,0.8097,0.1568,0.8996,0.3093,0.015,0.6721,224
235,0.2652,0.9913,0.2741,0.9505,0.6834,0.9108,0.1169,0.2645,0.2522,225
236,0.244,0.1284,0.8071,0.0221,0.5937,0.9433,0.9859,0.514,0.3248,226
237,0.973,0.1041,0.1952,0.9825,0.7548,0.5202,0.3086,0.5731,0.8348,227
238,0.3931,0.7243,0.3453,0.0861,0.3095,0.6771,0.1303,0.9258,0.7618,228
239,0.892,0.5784,0.3356,0.8144,0.448,0.7785,0.1991,0.6453,0.3291,229
240,0.6311,0.2742,0.9785,0.2803,0.4055,0.131,0.5877,0.4147,0.534,230
241,0.7948,0.0794,0.8565,0.1322,0.9841,0.601,0.064,0.9304,0.0617,231
242,0.5026,0.0857,0.7012,0.4399,0.2922,0.0343,0.8624,0.7849,0.2087,232
243,0.5769,0.8942,0.7271,0.644,0.2948,0.4976,0.9615,0.2,0.4858,233
244,0.4925,0.1919,0.5621,0.381,0.3545,0.1548,0.2467,0.1308,0.086,234
245,0.1952,0.3234,0.9471,0.0546,0.5646,0.1829,0.4501,0.6758,0.8433,235
246,0.7225,0.2267,0.4963,0.5995,0.2523,0.365,0.0221,0.5599,0.718,236
247,0.2808,0.355,0.3805,0.9024,0.9153,0.4324,0.6407,0.7897,0.9436,237
248,0.0243,0.0694,0.163,0.3832,0.2657,0.6232,0.4139,0.7388,0.6935,238
249,0.6455,0.5191,0.7862,0.2163,0.8958,0.0744,0.2701,0.6252,0.9404,239
250,0.1771,0.0676,0.7344,0.4426,0.1035,0.5037,0.2068,0.9864,0.5545,240
251,0.9405,0.8004,0.3844,0.0484,0.6566,0.1826,0.654,0.5336,0.6002,241
252,0.9539,0.2337,0.0252,0.8205,0.907,0.574,0.4162,0.1131,0.977,242
253,0.9149,0.54,0.839,0.8263,0.1687,0.6374,0.1797,0.8283,0.6421,243
254,0.3702,0.8801,0.0114,0.588,0.9683,0.5567,0.6891,0.2519,0.0308,244
256,0.0155,0.6509,0.7037,0.3531,0.4529,0.7383,0.5651,0.7773,0.7238,245
256,0.9283,0.533,0.9703,0.7998,0.9457,0.3356,0.8587,0.9571,0.9055,246
257,0.4282,0.3243,0.4377,0.5547,0.6768,0.7651,0.1175,0.6968,0.7956,247
258,0.9667,0.333,0.235,0.8259,0.3016,0.4328,0.7857,0.596,0.5838,248
259,0.9636,0.6695,0.7049,0.6315,0.1883,0.4842,0.6735,0.4604,0.6713,249
260,0.853,0.9941,0.8171,0.7844,0.3037,0.6481,0.115,0.3644,0.9902,250
261,0.2944,0.6618,0.5464,0.5986,0.093,0.0184,0.6948,0.353,0.0907,251
262,0.3851,0.5578,0.967,0.4141,0.1439,0.654,0.4415,0.6364,0.6672,252
263,0.8511,0.7307,0.0517,0.9579,0.1047,0.6186,0.945,0.7513,0.2834,253
264,0.3169,0.4652,0.5048,0.5411,0.4229,0.3098,0.1416,0.6785,0.6401,254
265,0.1695,0.0601,0.7185,0.6051,0.7956,0.0858,0.6428,0.1984,0.6076,255
266,0.5568,0.5623,0.8626,0.2205,0.1414,0.0909,0.382,0.494,0.1535,256
267,0.9362,0.9576,0.1793,0.6257,0.1303,0.9232,0.9568,0.7916,0.2067,257
268,0.696,0.1753,0.8,0.5716,0.6434,0.6893,0.33,0.4757,0.6216,258
269,0.5701,0.69,0.5527,0.1848,0.1972,0.1271,0.9622,0.5366,0.1282,259
270,0.0972,0.2009,0.3966,0.0596,0.0976,0.3567,0.9015,0.7711,0.2652,260
271,0.615,0.5358,0.1317,0.6044,0.1668,0.5925,0.2704,0.6613,0.8352,261
272,0.9901,0.0967,0.8653,0.7637,0.9237,0.8356,0.8035,0.4093,0.3271,262
273,0.1401,0.4504,0.1573,0.5234,0.8215,0.0437,0.9956,0.8954,0.4881,263
274,0.5183,0.7562,0.3098,0.2268,0.3541,0.2366,0.2527,0.1626,0.9411,264
275,0.8774,0.3476,0.29,0.6665,0.6558,0.8897,0.4368,0.9955,0.2271,265
276,0.7408,0.6649,0.8714,0.0801,0.5373,0.0092,0.5202,0.1189,0.3896,266
277,0.697,0.7954,0.6727,0.4418,0.6771,0.2014,0.2949,0.0149,0.6065,267
278,0.7025,0.9272,0.7967,0.1634,0.6827,0.959,0.0153,0.89,0.7553,268
279,0.3595,0.2346,0.2505,0.1845,0.6287,0.6134,0.2201,0.245,0.9017,269
280,0.2936,0.3993,0.6249,0.2023,0.2661,0.2617,0.2819,0.7297,0.9155,270
282,0.8094,0.1524,0.5717,0.3867,0.039,0.067,0.4436,0.811,0.7766,271
283,0.8101,0.9925,0.8328,0.0512,0.4556,0.0282,0.1711,0.859,0.2283,272
284,0.8671,0.927,0.9061,0.3978,0.891,0.2447,0.8733,0.9916,0.0248,273
285,0.9132,0.54,0.0122,0.5117,0.5695,0.8815,0.7049,0.294,0.3838,274
286,0.5113,0.842,0.674,0.4833,0.8324,0.4159,0.0852,0.7102,0.1415,275
287,0.5015,0.521,0.0518,0.3828,0.9916,0.7203,0.6501,0.1154,0.7104,276
289,0.7983,0.6236,0.5489,0.8391,0.1636,0.9183,0.6537,0.4068,0.6611,277
290,0.65,0.0891,0.2876,0.1453,0.6918,0.408,0.9562,0.848,0.044,278
291,0.702,0.7553,0.3068,0.5057,0.6743,0.1913,0.003,0.3677,0.8366,279
292,0.7958,0.1277,0.353,0.062,0.98,0.5171,0.2479,0.5911,0.2487,280
293,0.89,0.8261,0.6213,0.0712,0.9856,0.9081,0.9278,0.5038,0.4322,281
294,0.338,0.782,0.334,0.5739,0.6867,0.8044,0.9321,0.646,0.6679,282
295,0.3756,0.7087,0.7327,0.566,0.2436,0.0658,0.7206,0.9729,0.4294,283
296,0.094,0.0362,0.4045,0.878,0.7986,0.6926,0.7658,0.0557,0.4413,284
297,0.5783,0.3031,0.0684,0.5579,0.107,0.5719,0.0915,0.574,0.0656,285
298,0.0359,0.2631,0.7838,0.9598,0.7807,0.9075,0.5139,0.863,0.4014,286
300,0.4656,0.3601,0.2858,0.0487,0.9102,0.1225,0.2316,0.4814,0.7648,287
301,0.5426,0.0876,0.4328,0.098,0.3828,0.534,0.1812,0.0785,0.9152,288
302,0.2865,0.937,0.6854,0.0441,0.6306,0.8795,0.8103,0.5605,0.4135,289
303,0.5908,0.5538,0.3325,0.1853,0.4301,0.41,0.135,0.3321,0.4236,290
304,0.0305,0.3055,0.0566,0.5413,0.4378,0.482,0.4687,0.1549,0.7026,291
305,0.0373,0.397,0.3739,0.6456,0.3104,0.0705,0.9386,0.849,0.9428,292
306,0.8226,0.4472,0.9444,0.0456,0.7621,0.2781,0.1858,0.5216,0.2671,293
307,0.3602,0.6006,0.6417,0.946,0.9362,0.3245,0.978,0.9333,0.4401,294
308,0.1271,0.5157,0.6715,0.8422,0.9408,0.9451,0.9943,0.806,0.796,295
309,0.5222,0.9194,0.6323,0.2966,0.1748,0.2827,0.5556,0.693,0.6097,296
311,0.77,0.497,0.199,0.0772,0.8747,0.4609,0.1701,0.005,0.1106,297
312,0.2158,0.9922,0.4183,0.1699,0.7374,0.6713,0.3161,0.4278,0.6277,298
313,0.6229,0.8514,0.7509,0.1269,0.2528,0.1622,0.4245,0.1975,0.1867,299
314,0.0853,0.2085,0.1014,0.1233,0.0673,0.4864,0.3093,0.9108,0.5102,300
315,0.0517,0.9306,0.2779,0.5186,0.268,0.7385,0.2806,0.1746,0.5291,301
317,0.5314,0.1164,0.2763,0.2458,0.9122,0.8669,0.9722,0.2861,0.8762,302
318,0.5406,0.8174,0.432,0.3581,0.6332,0.6263,0.1534,0.5168,0.4625,303
319,0.6374,0.3806,0.9804,0.9895,0.7211,0.6691,0.7333,0.2634,0.2794,304
320,0.7261,0.878,0.0675,0.6843,0.2572,0.1263,0.0004,0.2099,0.231,305
321,0.9759,0.8681,0.5187,0.949,0.7194,0.9458,0.5962,0.5991,0.8743,306
322,0.5163,0.8059,0.1794,0.1426,0.0281,0.1326,0.9159,0.0889,0.171,307
323,0.323,0.79,0.9707,0.3821,0.3753,0.7747,0.2879,0.0582,0.4259,308
324,0.7952,0.3047,0.1133,0.5547,0.6268,0.2648,0.1855,0.3722,0.1872,309
325,0.2708,0.0809,0.4036,0.0768,0.1461,0.9336,0.6517,0.7207,0.7733,310
326,0.439,0.403,0.7379,0.0042,0.823,0.72,0.7126,0.5548,0.4744,311
327,0.0785,0.1735,0.7046,0.6704,0.235,0.7538,0.688,0.4229,0.3511,312
328,0.0254,0.695,0.4227,0.6418,0.6523,0.2191,0.3193,0.5658,0.3611,313
329,0.9626,0.3461,0.3465,0.4108,0.4052,0.443,0.2522,0.3655,0.8522,314
330,0.836,0.9756,0.3976,0.4896,0.596,0.6178,0.9559,0.9361,0.5538,315
337,0.696,0.641,0.2643,0.4154,0.1075,0.77,0.9233,0.0549,0.7179,316
338,0.409,0.8225,0.2053,0.024,0.0169,0.104,0.4573,0.6734,0.897,317
339,0.1733,0.1325,0.483,0.3354,0.9096,0.9624,0.8462,0.8913,0.9017,318
340,0.1564,0.862,0.2685,0.1771,0.2696,0.8902,0.4523,0.8039,0.3285,319
341,0.2502,0.9228,0.2875,0.0984,0.8197,0.2703,0.4244,0.184,0.9525,320
342,0.5492,0.4871,0.6568,0.9567,0.9994,0.8228,0.1568,0.2959,0.0249,321
343,0.7146,0.6063,0.9685,0.5994,0.2114,0.5183,0.4264,0.717,0.3768,322
344,0.6602,0.7648,0.6036,0.7287,0.2652,0.4618,0.5374,0.0843,0.8958,323
345,0.2799,0.1748,0.077,0.3154,0.6629,0.3144,0.0225,0.8119,0.2746,324
346,0.9549,0.5026,0.0756,0.3931,0.9654,0.581,0.4441,0.7189,0.2731,325
347,0.7379,0.3987,0.9514,0.2369,0.9158,0.7299,0.7814,0.7296,0.3026,326
348,0.5544,0.1464,0.2973,0.097,0.5029,0.4109,0.68,0.1002,0.6123,327
349,0.6117,0.3675,0.0921,0.179,0.7951,0.6292,0.6352,0.7178,0.4383,328
350,0.4196,0.0682,0.599,0.7975,0.1357,0.6993,0.9096,0.6798,0.7267,329
351,0.2477,0.0258,0.6236,0.6775,0.9774,0.7111,0.018,0.8309,0.8949,330
352,0.356,0.1352,0.6485,0.5469,0.9644,0.052,0.557,0.0416,0.6742,331
353,0.7578,0.9631,0.2674,0.4751,0.1637,0.8597,0.7873,0.0231,0.2045,332
354,0.0144,0.5495,0.0151,0.9224,0.2994,0.4583,0.5413,0.373,0.9327,333
355,0.1161,0.9658,0.965,0.0727,0.1002,0.2624,0.3239,0.1488,0.2645,334
356,0.046,0.4325,0.2509,0.2806,0.2717,0.2418,0.1363,0.5584,0.1499,335
357,0.0407,0.3118,0.676,0.3499,0.816,0.483,0.8876,0.9173,0.09,336
358,0.8555,0.5061,0.7066,0.7824,0.3783,0.8868,0.4708,0.3915,0.5634,337
359,0.7037,0.4395,0.61,0.9925,0.0884,0.3783,0.8781,0.845,0.1138,338
360,0.4742,0.1057,0.3129,0.2407,0.3422,0.7497,0.5859,0.0002,0.1388,339
361,0.0978,0.6408,0.2711,0.8743,0.9814,0.0968,0.6742,0.1685,0.3,340
362,0.4916,0.216,0.5977,0.8306,0.6297,0.4761,0.8043,0.0304,0.2817,341
363,0.4735,0.6196,0.8661,0.2247,0.4162,0.9917,0.6592,0.3281,0.6042,342
364,0.1732,0.6502,0.9467,0.3993,0.1665,0.7704,0.3981,0.9082,0.8167,343
365,0.4339,0.152,0.1059,0.4097,0.9862,0.2105,0.5136,0.097,0.7613,344
366,0.3985,0.0613,0.1548,0.9782,0.8208,0.5014,0.803,0.6064,0.2625,345
367,0.6159,0.7808,0.9447,0.1809,0.2815,0.2336,0.3737,0.4515,0.2453,346
368,0.6351,0.4598,0.7365,0.7992,0.0701,0.4096,0.3881,0.9385,0.9658,347
369,0.0453,0.0582,0.883,0.3342,0.0566,0.7801,0.0957,0.1225,0.0082,348
370,0.3746,0.9949,0.2026,0.7309,0.1204,0.7712,0.9146,0.212,0.8797,349
371,0.6259,0.0578,0.5876,0.42,0.5808,0.2281,0.091,0.0295,0.1997,350
372,0.5031,0.695,0.7011,0.5784,0.9288,0.9222,0.6482,0.4339,0.9473,351
373,0.8565,0.9837,0.6801,0.8326,0.4967,0.5926,0.4132,0.2778,0.3423,352
374,0.6587,0.2392,0.4082,0.8042,0.8429,0.3799,0.4056,0.8699,0.4404,353
375,0.1629,0.1422,0.0154,0.8664,0.4459,0.5019,0.6796,0.6049,0.7071,354
376,0.0706,0.1214,0.5829,0.0596,0.7086,0.6051,0.0671,0.6141,0.5877,355
377,0.6424,0.3033,0.2531,0.6921,0.7319,0.5599,0.5937,0.5319,0.3179,356
378,0.0265,0.101,0.4503,0.14,0.174,0.4864,0.772,0.0919,0.5538,357
379,0.5858,0.6922,0.9576,0.4158,0.3612,0.5049,0.8282,0.445,0.7307,358
380,0.9402,0.0623,0.399,0.5486,0.6373,0.1764,0.1705,0.9995,0.0423,359
381,0.5755,0.5094,0.8398,0.4027,0.0707,0.8127,0.8974,0.8352,0.0112,360
382,0.3882,0.9967,0.1885,0.5196,0.3615,0.5418,0.6561,0.8935,0.4581,361
383,0.6433,0.814,0.6725,0.9965,0.5348,0.1311,0.8819,0.8232,0.1318,362
384,0.4583,0.6152,0.977,0.1352,0.9962,0.7662,0.4853,0.103,0.6643,363
385,0.5456,0.3063,0.1019,0.6755,0.4745,0.9324,0.542,0.2274,0.2141,364
386,0.9415,0.6239,0.0083,0.396,0.8161,0.9473,0.919,0.0031,0.4329,365
387,0.3861,0.527,0.4336,0.133,0.4321,0.369,0.8999,0.3035,0.1977,366
388,0.9612,0.4261,0.0926,0.1587,0.7964,0.1355,0.4482,0.1086,0.5485,367
389,0.9054,0.1307,0.7484,0.9493,0.5954,0.5184,0.2744,0.4728,0.1161,368
390,0.1958,0.8866,0.9145,0.8796,0.8866,0.1126,0.3932,0.6771,0.0231,369
391,0.0694,0.4498,0.434,0.907,0.4109,0.934,0.3878,0.8745,0.0511,370
392,0.1008,0.1946,0.2587,0.9915,0.6043,0.1836,0.2869,0.7492,0.9543,371
393,0.0182,0.3678,0.4344,0.2083,0.63,0.2528,0.2686,0.9386,0.1423,372
394,0.0944,0.4141,0.7234,0.3554,0.4174,0.4066,0.8611,0.0539,0.7085,373
395,0.683,0.8275,0.0091,0.6692,0.1443,0.3832,0.0699,0.0122,0.0679,374
396,0.0712,0.7336,0.5895,0.4838,0.0936,0.7947,0.6776,0.6613,0.1082,375
397,0.319,0.7693,0.6133,0.4184,0.0167,0.4563,0.1728,0.2894,0.5089,376
398,0.8449,0.011,0.6377,0.3578,0.8735,0.1708,0.3445,0.2535,0.4649,377
399,0.0233,0.4162,0.242,0.5938,0.2365,0.2672,0.0615,0.3309,0.9516,378
400,0.8145,0.4813,0.7141,0.5756,0.2115,0.5091,0.27,0.2698,0.9448,379
401,0.2819,0.0192,0.0914,0.1615,0.736,0.1475,0.7684,0.5114,0.7796,380
402,0.1182,0.2598,0.1993,0.4717,0.32,0.6117,0.885,0.4401,0.6021,381
403,0.6967,0.7603,0.8775,0.5535,0.506,0.5657,0.2215,0.5124,0.455,382
404,0.6289,0.1371,0.7387,0.5703,0.1625,0.7147,0.4635,0.6727,0.3562,383
405,0.8775,0.5353,0.0137,0.2101,0.9597,0.9377,0.4703,0.3871,0.9471,384
406,0.7351,0.2152,0.2484,0.7423,0.8516,0.9123,0.8736,0.2513,0.6029,385
407,0.8035,0.0121,0.2144,0.0252,0.8638,0.9461,0.7628,0.1662,0.5791,386
408,0.282,0.2412,0.2708,0.3548,0.4068,0.2447,0.5131,0.3495,0.2319,387
409,0.1774,0.9759,0.2476,0.7802,0.7624,0.1316,0.6707,0.7418,0.0467,388
410,0.7506,0.8015,0.0625,0.5639,0.1439,0.3023,0.8474,0.7567,0.9452,389
411,0.8068,0.9596,0.4589,0.2612,0.0086,0.8951,0.0095,0.6669,0.3137,390
412,0.9905,0.4879,0.7327,0.695,0.02,0.9721,0.4029,0.234,0.4426,391
413,0.4126,0.1097,0.6067,0.5674,0.5866,0.8593,0.9072,0.5881,0.1146,392
414,0.372,0.548,0.6729,0.7962,0.4554,0.11,0.7403,0.5707,0.8369,393
415,0.7764,0.4544,0.0811,0.735,0.518,0.9474,0.5428,0.4843,0.0276,394
416,0.3408,0.8444,0.9515,0.6101,0.0075,0.4234,0.5296,0.55,0.834,395
417,0.9308,0.0981,0.8385,0.4882,0.4227,0.0093,0.3478,0.4918,0.1403,396
418,0.8584,0.4882,0.8051,0.1332,0.7181,0.4424,0.5205,0.5655,0.8866,397
419,0.429,0.15,0.823,0.2613,0.4427,0.0461,0.6554,0.7155,0.7298,398
420,0.7509,0.3247,0.9327,0.4191,0.7322,0.5439,0.4184,0.1096,0.1647,399
421,0.7545,0.7374,0.5443,0.5993,0.233,0.3386,0.7142,0.7496,0.5658,400
422,0.1031,0.476,0.2003,0.5137,0.8131,0.4734,0.8612,0.1359,0.3127,401
424,0.9026,0.3759,0.6168,0.2882,0.5884,0.6132,0.1547,0.0666,0.1782,402
424,0.5053,0.3945,0.7429,0.0065,0.2108,0.8688,0.4515,0.9761,0.8592,403
425,0.8265,0.4594,0.7379,0.4962,0.2367,0.6619,0.408,0.957,0.4035,404
426,0.32,0.785,0.5214,0.2856,0.628,0.434,0.6875,0.0604,0.3985,405
427,0.8955,0.8921,0.0685,0.7346,0.8299,0.8194,0.2499,0.4433,0.1699,406
428,0.3892,0.9553,0.3711,0.0239,0.4156,0.9056,0.6403,0.1862,0.3831,407
429,0.0108,0.7869,0.9208,0.5848,0.2583,0.1198,0.8775,0.4853,0.8716,408
430,0.9054,0.3154,0.5844,0.9415,0.867,0.5319,0.4181,0.8302,0.3631,409
431,0.0913,0.6881,0.5383,0.1744,0.6693,0.2845,0.911,0.9506,0.9516,410
432,0.3193,0.4376,0.2689,0.4716,0.4481,0.0471,0.9932,0.6343,0.9463,411
433,0.9501,0.2547,0.3684,0.0914,0.4879,0.6685,0.1061,0.3539,0.1449,412
434,0.9506,0.8409,0.8953,0.6257,0.2043,0.8628,0.2331,0.6033,0.1773,413
435,0.5734,0.0384,0.6665,0.5505,0.6268,0.1629,0.9504,0.312,0.8627,414
436,0.6318,0.9018,0.7874,0.4074,0.3587,0.8124,0.9583,0.9098,0.3928,415
437,0.4484,0.4615,0.4543,0.5214,0.9956,0.8534,0.0977,0.8704,0.0044,416
438,0.2932,0.6372,0.6302,0.8966,0.4802,0.9143,0.015,0.5582,0.2739,417
439,0.3287,0.6594,0.2484,0.1963,0.4859,0.2653,0.1611,0.3248,0.5976,418
441,0.6725,0.8951,0.7055,0.0226,0.5659,0.904,0.996,0.2934,0.7993,419
442,0.7524,0.6367,0.4276,0.8617,0.9168,0.3207,0.18,0.0334,0.1334,420
443,0.7916,0.6139,0.4425,0.5771,0.8008,0.5523,0.5025,0.8158,0.1105,421
444,0.7896,0.0667,0.6493,0.8907,0.4511,0.0505,0.8484,0.4504,0.9221,422
445,0.0912,0.5184,0.9363,0.5969,0.7187,0.0439,0.0204,0.3251,0.7511,423
446,0.4944,0.1502,0.064,0.8102,0.5862,0.7204,0.6045,0.4711,0.5898,424
447,0.0576,0.7374,0.8247,0.4297,0.4924,0.4445,0.277,0.8187,0.7692,425
448,0.5495,0.5122,0.2924,0.7499,0.1923,0.2563,0.8623,0.1246,0.4289,426
450,0.4415,0.6802,0.4439,0.913,0.4639,0.1904,0.2835,0.8577,0.7585,427
451,0.8877,0.0417,0.0219,0.5721,0.2458,0.67,0.6868,0.8975,0.3718,428
452,0.3509,0.0848,0.301,0.1808,0.9148,0.0004,0.6742,0.9467,0.2441,429
453,0.1171,0.7163,0.5026,0.2688,0.3354,0.8059,0.2215,0.3975,0.729,430
454,0.143,0.0721,0.0562,0.1986,0.9523,0.0792,0.0348,0.2171,0.4197,431
455,0.7615,0.0713,0.4911,0.2469,0.5331,0.1915,0.4092,0.3736,0.9814,432
456,0.6182,0.0121,0.9271,0.3064,0.6315,0.3862,0.2892,0.3329,0.3495,433
457,0.1011,0.9565,0.1054,0.5551,0.5429,0.4849,0.809,0.1762,0.9217,434
458,0.0841,0.7375,0.7644,0.588,0.1294,0.355,0.8004,0.6073,0.933,435
459,0.701,0.3533,0.4097,0.4265,0.3758,0.3207,0.457,0.4766,0.2419,436
460,0.0728,0.2965,0.6552,0.6154,0.0991,0.9639,0.6065,0.8657,0.7982,437
461,0.8219,0.3497,0.2602,0.0816,0.623,0.6416,0.6043,0.0321,0.4331,438
462,0.7062,0.7747,0.1595,0.0878,0.4469,0.0234,0.8272,0.6439,0.9175,439
463,0.0813,0.6614,0.1605,0.1718,0.778,0.4302,0.425,0.7629,0.4501,440
464,0.0848,0.1852,0.0705,0.5181,0.2205,0.875,0.2754,0.7595,0.7443,441
465,0.9866,0.1741,0.1856,0.214,0.1646,0.3015,0.265,0.8861,0.467,442
466,0.3743,0.0984,0.6642,0.2833,0.4063,0.0946,0.5362,0.729,0.2278,443
468,0.3706,0.6603,0.8817,0.4003,0.9266,0.7584,0.4491,0.9278,0.1994,444
470,0.8128,0.7644,0.8141,0.8119,0.7104,0.606,0.4401,0.3327,0.4254,445
471,0.9472,0.265,0.6851,0.0139,0.4189,0.5703,0.0911,0.5032,0.7555,446
472,0.986,0.0209,0.1104,0.6494,0.5173,0.0536,0.7186,0.0141,0.6051,447
473,0.7534,0.0822,0.2892,0.6689,0.0842,0.1405,0.2137,0.007,0.6886,448
474,0.3763,0.9679,0.3098,0.7987,0.9846,0.6225,0.197,0.2401,0.2823,449
475,0.0835,0.2954,0.25,0.9328,0.6664,0.2078,0.4128,0.1008,0.4814,450
476,0.7771,0.7692,0.515,0.0201,0.2854,0.5041,0.2278,0.2602,0.0444,451
477,0.5584,0.6247,0.5356,0.1538,0.5858,0.5449,0.5839,0.177,0.8175,452
478,0.4242,0.3819,0.3569,0.8862,0.1095,0.2835,0.3715,0.0285,0.9899,453
479,0.9064,0.2057,0.3538,0.4585,0.9658,0.9484,0.4489,0.9093,0.4069,454
480,0.1112,0.1214,0.8286,0.5646,0.1748,0.8425,0.5372,0.0082,0.011,455
481,0.4926,0.615,0.7893,0.663,0.648,0.7224,0.2035,0.7361,0.1698,456
482,0.0114,0.7746,0.3078,0.6791,0.2455,0.078,0.1558,0.1521,0.6525,457
483,0.4687,0.6439,0.9138,0.9317,0.7176,0.1061,0.8804,0.9122,0.6121,458
484,0.0563,0.5303,0.9528,0.9969,0.7768,0.4928,0.4337,0.8928,0.7879,459
485,0.1188,0.042,0.3267,0.7202,0.6734,0.1607,0.4121,0.6539,0.2539,460
486,0.1175,0.9685,0.3544,0.2872,0.6145,0.9783,0.0356,0.6722,0.7636,461
487,0.6492,0.7987,0.5056,0.8798,0.8925,0.1585,0.498,0.0053,0.688,462
488,0.746,0.2928,0.9411,0.0492,0.0786,0.4875,0.5542,0.9849,0.3228,463
490,0.5834,0.98,0.8763,0.2311,0.3309,0.3641,0.5588,0.8778,0.5455,464
492,0.9622,0.6019,0.1026,0.8974,0.2483,0.6394,0.707,0.8951,0.1473,465
493,0.3749,0.5824,0.3927,0.2562,0.988,0.129,0.1775,0.6592,0.4526,466
494,0.2857,0.7481,0.5534,0.2207,0.3894,0.4303,0.2522,0.3448,0.8812,467
496,0.8686,0.8118,0.5031,0.1381,0.7326,0.2747,0.8107,0.8936,0.4212,468
497,0.2236,0.6565,0.1939,0.8591,0.6847,0.8878,0.9472,0.2915,0.8396,469
498,0.9632,0.1281,0.8588,0.5001,0.2121,0.0406,0.1359,0.5627,0.5903,470
505,0.0122,0.3383,0.6769,0.6749,0.239,0.9137,0.4976,0.0997,0.1919,471
506,0.9699,0.9281,0.8379,0.2391,0.2813,0.833,0.2142,0.922,0.5811,472
507,0.0432,0.2246,0.8588,0.758,0.4111,0.2976,0.0601,0.1408,0.506,473
508,0.8911,0.3722,0.7484,0.76,0.2343,0.7893,0.3255,0.2249,0.3986,474
509,0.5277,0.4321,0.4392,0.3126,0.0197,0.0312,0.1437,0.5581,0.1196,475
510,0.993,0.4394,0.6105,0.4107,0.8794,0.9669,0.7099,0.7641,0.4167,476
511,0.0738,0.6129,0.1604,0.2097,0.9656,0.5266,0.5337,0.6194,0.0728,477
512,0.5539,0.9431,0.6736,0.9766,0.3416,0.3033,0.1438,0.2321,0.0988,478
513,0.9693,0.2407,0.1793,0.6456,0.3385,0.3626,0.0092,0.0009,0.4159,479
514,0.5231,0.1215,0.6939,0.9345,0.0071,0.0664,0.8082,0.7572,0.3054,480
515,0.6294,0.1975,0.2296,0.3034,0.6803,0.9893,0.1762,0.9852,0.9255,481
516,0.6957,0.8869,0.1176,0.7819,0.8254,0.0393,0.6062,0.8099,0.3757,482
517,0.4545,0.6458,0.1653,0.7659,0.1466,0.6549,0.3369,0.4602,0.7579,483
518,0.6276,0.2859,0.002,0.6917,0.1597,0.4427,0.5855,0.9038,0.5302,484
519,0.5843,0.8159,0.7187,0.9656,0.7901,0.9489,0.3157,0.4098,0.7041,485
520,0.9012,0.8614,0.7324,0.3936,0.6163,0.246,0.0869,0.5249,0.2601,486
521,0.0454,0.8465,0.5149,0.1307,0.0449,0.5321,0.223,0.4771,0.9419,487
522,0.281,0.9189,0.1614,0.6717,0.6225,0.4824,0.1881,0.4476,0.5301,488
523,0.9504,0.2522,0.0836,0.7293,0.3089,0.7029,0.428,0.7752,0.8313,489
524,0.8903,0.755,0.0191,0.5751,0.3687,0.068,0.6583,0.5268,0.365,490
525,0.4557,0.4605,0.1657,0.2068,0.7697,0.1938,0.2638,0.3167,0.1002,491
526,0.6201,0.842,0.8909,0.5045,0.8109,0.2146,0.0121,0.2582,0.6737,492
527,0.2774,0.7285,0.2415,0.3122,0.4004,0.7382,0.5189,0.0377,0.0078,493
528,0.1881,0.7764,0.3543,0.4275,0.9472,0.1891,0.6058,0.5832,0.4753,494
529,0.4637,0.6562,0.1053,0.6452,0.4065,0.5735,0.9629,0.23,0.1928,495
530,0.3534,0.1774,0.2224,0.7452,0.7718,0.2152,0.5895,0.1481,0.6274,496
531,0.5837,0.545,0.5192,0.2322,0.4839,0.8616,0.4712,0.6538,0.9794,497
532,0.0777,0.9847,0.6078,0.4053,0.8975,0.9422,0.5734,0.6812,0.4644,498
533,0.9744,0.9374,0.2454,0.2692,0.9078,0.5185,0.9279,0.7522,0.8175,499
534,0.9862,0.0432,0.0577,0.1986,0.0874,0.3523,0.8284,0.5036,0.5078,500
535,0.6982,0.1648,0.391,0.7834,0.9365,0.2341,0.323,0.8941,0.4958,501
536,0.5361,0.1317,0.2342,0.9093,0.8255,0.0498,0.2373,0.9363,0.9304,502
537,0.3095,0.726,0.2196,0.3702,0.7913,0.2685,0.2626,0.8074,0.89,503
538,0.8138,0.8178,0.9599,0.7513,0.2009,0.6542,0.5044,0.6356,0.7858,504
539,0.6847,0.2135,0.6163,0.897,0.8051,0.5336,0.744,0.3037,0.2963,505
540,0.1626,0.5059,0.5569,0.8461,0.8501,0.944,0.5032,0.9829,0.545,506
541,0.9109,0.8407,0.4158,0.1828,0.2892,0.3963,0.0678,0.2741,0.2239,507
542,0.8225,0.7328,0.4289,0.9563,0.9523,0.6939,0.7236,0.2027,0.4439,508
543,0.9498,0.5422,0.5409,0.3767,0.0499,0.4893,0.806,0.4422,0.4842,509
544,0.7257,0.5903,0.6964,0.3392,0.1499,0.5126,0.2895,0.0568,0.8316,510
545,0.6134,0.5084,0.7021,0.0624,0.5376,0.2678,0.6641,0.9785,0.896,511
546,0.4182,0.2975,0.1717,0.4862,0.5758,0.455,0.4266,0.5884,0.4146,512
547,0.9327,0.565,0.5001,0.109,0.6452,0.4708,0.8891,0.557,0.0177,513
548,0.8661,0.6889,0.412,0.2485,0.017,0.7066,0.8452,0.6558,0.8618,514
549,0.0452,0.8733,0.8705,0.3169,0.9604,0.9406,0.5254,0.497,0.1743,515
550,0.0264,0.6363,0.6314,0.8088,0.0446,0.3293,0.6915,0.0321,0.6219,516
551,0.3765,0.7611,0.5325,0.8755,0.1431,0.0422,0.8833,0.6123,0.025,517
552,0.8106,0.1601,0.1154,0.3025,0.014,0.4963,0.4957,0.7162,0.3995,518
553,0.9873,0.4616,0.6056,0.8587,0.5669,0.5445,0.3133,0.4167,0.986,519
554,0.1504,0.0093,0.1172,0.8572,0.9323,0.1684,0.7537,0.7573,0.1007,520
555,0.5941,0.2467,0.3372,0.7647,0.6659,0.7605,0.2201,0.227,0.4237,521
556,0.3809,0.7265,0.1428,0.1467,0.8227,0.9849,0.3885,0.2213,0.3071,522
557,0.9699,0.9918,0.6921,0.6903,0.0133,0.9458,0.8657,0.1614,0.9051,523
558,0.8421,0.0992,0.2063,0.945,0.542,0.1971,0.7244,0.372,0.8693,524
559,0.8383,0.4015,0.3919,0.6825,0.4596,0.8754,0.4038,0.847,0.2377,525
560,0.4687,0.8001,0.8957,0.3316,0.499,0.7045,0.2147,0.8279,0.0812,526
561,0.4148,0.204,0.2043,0.5006,0.0722,0.4538,0.356,0.3828,0.6271,527
562,0.2734,0.5551,0.5078,0.6457,0.6844,0.5406,0.2841,0.5891,0.3364,528
563,0.0564,0.7331,0.4193,0.5106,0.5032,0.8496,0.1761,0.7208,0.6721,529
564,0.8647,0.616,0.0181,0.12,0.7651,0.4801,0.7433,0.2412,0.0321,530
565,0.8129,0.188,0.7928,0.3121,0.4853,0.3732,0.2521,0.1681,0.1334,531
566,0.9997,0.3554,0.069,0.8024,0.1494,0.4932,0.4542,0.9721,0.6864,532
567,0.9966,0.7838,0.4743,0.8614,0.6483,0.5791,0.3859,0.6176,0.2124,533
568,0.5554,0.5542,0.5607,0.1373,0.1724,0.1891,0.9821,0.9814,0.8576,534
569,0.769,0.0052,0.6284,0.9524,0.8724,0.9009,0.3911,0.3378,0.0586,535
570,0.9448,0.761,0.6886,0.3288,0.6131,0.6742,0.08,0.703,0.2155,536
571,0.8496,0.0353,0.2533,0.6623,0.1572,0.6333,0.0898,0.2226,0.9986,537
572,0.2473,0.7457,0.01,0.7518,0.9623,0.0995,0.5908,0.2612,0.4331,538
573,0.4505,0.2025,0.7234,0.8119,0.5184,0.6042,0.5994,0.5119,0.703,539
574,0.1292,0.9581,0.5357,0.9457,0.0729,0.121,0.4188,0.3196,0.1827,540
575,0.9541,0.3679,0.8361,0.3129,0.6268,0.0787,0.4318,0.1676,0.6099,541
576,0.6062,0.3269,0.8214,0.8585,0.2532,0.5273,0.0539,0.2629,0.7261,542
577,0.2286,0.1489,0.8433,0.1317,0.8037,0.4028,0.5165,0.0357,0.3145,543
578,0.6717,0.3056,0.4851,0.705,0.8178,0.5888,0.5047,0.7044,0.8289,544
579,0.6181,0.8767,0.3336,0.742,0.9789,0.0892,0.1495,0.4921,0.6034,545
580,0.3582,0.9963,0.7916,0.6777,0.5019,0.431,0.1038,0.0942,0.3891,546
581,0.1136,0.3683,0.4513,0.2523,0.455,0.1748,0.1236,0.1717,0.5576,547
582,0.6716,0.4486,0.1834,0.873,0.7535,0.9871,0.101,0.1025,0.5768,548
583,0.5203,0.7221,0.855,0.1689,0.1325,0.5612,0.6097,0.6126,0.1655,549
584,0.7723,0.8862,0.8826,0.0536,0.5469,0.6874,0.1965,0.0942,0.4027,550
585,0.5202,0.593,0.4663,0.7175,0.5462,0.3254,0.2514,0.7543,0.3434,551
586,0.8522,0.3915,0.0757,0.4755,0.0895,0.0947,0.1736,0.0205,0.4009,552
587,0.5519,0.4126,0.3878,0.8491,0.418,0.9759,0.9578,0.2494,0.7611,553
588,0.5609,0.6956,0.8035,0.3834,0.8533,0.2863,0.8546,0.8907,0.4825,554
589,0.8767,0.0032,0.9018,0.1683,0.8562,0.4238,0.2305,0.7185,0.9403,555
590,0.4035,0.6196,0.2035,0.8364,0.0992,0.6499,0.3276,0.073,0.2937,556
592,0.134,0.3555,0.067,0.5489,0.0907,0.0247,0.2099,0.8211,0.4157,557
592,0.0288,0.7942,0.8774,0.1892,0.2627,0.8103,0.4919,0.493,0.787,558
593,0.7551,0.093,0.3894,0.7204,0.8748,0.5366,0.0196,0.8468,0.546,559
594,0.6203,0.5882,0.5418,0.5111,0.1289,0.2782,0.6714,0.6007,0.547,560
595,0.7041,0.481,0.9681,0.6043,0.72,0.0616,0.5232,0.6818,0.0533,561
596,0.213,0.6423,0.0666,0.4609,0.1012,0.1625,0.8986,0.9935,0.3986,562
597,0.1364,0.0649,0.6483,0.8287,0.6231,0.895,0.1644,0.2323,0.2707,563
598,0.0145,0.58,0.0741,0.8296,0.3561,0.686,0.8041,0.6239,0.9993,564
599,0.3506,0.5615,0.3755,0.7094,0.7889,0.2499,0.792,0.4603,0.3084,565
600,0.5899,0.5607,0.8038,0.1054,0.2337,0.0656,0.1272,0.0395,0.8845,566
601,0.3922,0.6035,0.4335,0.8389,0.6392,0.6906,0.3986,0.0145,0.6762,567
602,0.4375,0.6765,0.9972,0.671,0.2357,0.5724,0.1702,0.1192,0.3409,568
603,0.9042,0.805,0.5591,0.697,0.7137,0.4045,0.2547,0.6491,0.5435,569
604,0.3483,0.2698,0.3212,0.363,0.8737,0.3636,0.2632,0.5672,0.8405,570
605,0.514,0.825,0.2201,0.8793,0.1268,0.2168,0.5562,0.5534,0.8834,571
606,0.7837,0.4983,0.3505,0.7254,0.8666,0.6696,0.4114,0.0319,0.1604,572
607,0.3965,0.0771,0.3725,0.1126,0.5936,0.9707,0.9477,0.4693,0.3396,573
608,0.6221,0.0586,0.0687,0.4078,0.1271,0.1757,0.1264,0.9246,0.3352,574
609,0.8624,0.3342,0.3696,0.8864,0.4275,0.5971,0.9737,0.3976,0.042,575
610,0.9495,0.7849,0.4642,0.0472,0.1609,0.4242,0.2306,0.6249,0.5982,576
611,0.1471,0.7077,0.7227,0.9614,0.7003,0.4467,0.7729,0.7798,0.8548,577
612,0.9266,0.7886,0.6567,0.6792,0.7589,0.2541,0.339,0.7839,0.3816,578
613,0.4921,0.5173,0.7088,0.6314,0.1058,0.8251,0.1431,0.5193,0.74,579
614,0.2582,0.4402,0.0084,0.2706,0.5061,0.4853,0.8579,0.858,0.6277,580
615,0.4591,0.1475,0.2177,0.2488,0.8146,0.5434,0.3089,0.3914,0.3756,581
616,0.98,0.3282,0.6617,0.9421,0.9362,0.3048,0.6589,0.8887,0.1411,582
618,0.4926,0.434,0.484,0.2983,0.5135,0.1818,0.5664,0.2402,0.7093,583
619,0.3288,0.0886,0.0053,0.7755,0.9503,0.0859,0.4718,0.2802,0.8546,584
620,0.6334,0.2206,0.8045,0.3931,0.5357,0.7141,0.4958,0.0531,0.6859,585
621,0.2401,0.5982,0.7728,0.1393,0.3942,0.1962,0.7322,0.7956,0.0179,586
622,0.0759,0.7357,0.5484,0.0107,0.8482,0.6901,0.0878,0.4171,0.2162,587
623,0.1289,0.9983,0.0665,0.5443,0.493,0.3904,0.6682,0.2291,0.0695,588
624,0.128,0.9331,0.7665,0.9758,0.4719,0.4158,0.8958,0.2318,0.5704,589
625,0.1519,0.6426,0.5837,0.3691,0.4903,0.4692,0.0578,0.9014,0.7565,590
626,0.1388,0.4212,0.782,0.3572,0.8468,0.3677,0.1407,0.8339,0.1106,591
627,0.6409,0.6362,0.7517,0.3441,0.8319,0.1006,0.7166,0.5535,0.8383,592
628,0.1819,0.7857,0.803,0.5205,0.4035,0.3096,0.4373,0.6161,0.5555,593
629,0.3457,0.1183,0.518,0.4407,0.3333,0.6637,0.4035,0.4743,0.69,594
630,0.8968,0.4099,0.1403,0.8799,0.4919,0.6658,0.137,0.3917,0.9714,595
631,0.474,0.8398,0.6712,0.5055,0.5728,0.2862,0.5068,0.9155,0.0837,596
632,0.6676,0.3838,0.6205,0.5078,0.2383,0.4601,0.1265,0.1256,0.9012,597
633,0.1723,0.5719,0.7423,0.1384,0.794,0.1934,0.4766,0.4184,0.1261,598
634,0.1923,0.5878,0.1699,0.9827,0.4865,0.2104,0.7636,0.3446,0.393,599
636,0.0409,0.1845,0.195,0.25,0.334,0.023,0.2583,0.4982,0.8514,600
638,0.1689,0.3622,0.8904,0.0734,0.1068,0.8967,0.4808,0.4576,0.9063,601
639,0.2786,0.3345,0.75,0.6631,0.2388,0.2107,0.992,0.5189,0.5064,602
640,0.177,0.0262,0.9082,0.5954,0.9493,0.2275,0.6867,0.1399,0.5941,603
641,0.0887,0.0242,0.7587,0.4151,0.3051,0.2796,0.8414,0.5131,0.7081,604
642,0.1206,0.8317,0.5972,0.4222,0.1689,0.1274,0.4148,0.2424,0.8328,605
643,0.4608,0.2731,0.6541,0.7851,0.4607,0.6393,0.7679,0.1843,0.1215,606
644,0.2063,0.5181,0.8891,0.1957,0.3071,0.0751,0.0405,0.0648,0.8101,607
645,0.3643,0.2987,0.5788,0.8203,0.0352,0.1342,0.1229,0.7627,0.4813,608
646,0.5034,0.9407,0.6324,0.6487,0.3231,0.6448,0.2031,0.4274,0.4506,609
647,0.6904,0.2593,0.1565,0.419,0.5441,0.3397,0.402,0.6266,0.4239,610
648,0.0393,0.4297,0.4739,0.458,0.5517,0.7079,0.8457,0.7276,0.5092,611
649,0.7994,0.8727,0.7164,0.2566,0.3566,0.5574,0.3463,0.6793,0.9451,612
650,0.6279,0.8419,0.2709,0.7521,0.4473,0.256,0.6546,0.4705,0.5482,613
651,0.0818,0.1861,0.2023,0.5129,0.9655,0.6508,0.7093,0.3879,0.9532,614
652,0.8736,0.8026,0.3138,0.3209,0.3773,0.1163,0.5862,0.376,0.1803,615
653,0.9209,0.4582,0.2415,0.5961,0.2582,0.5364,0.3572,0.64,0.7241,616
654,0.0611,0.483,0.2149,0.9957,0.2435,0.4371,0.5771,0.4948,0.8122,617
655,0.2769,0.1335,0.4249,0.4353,0.4578,0.2679,0.3423,0.8491,0.6791,618
656,0.8062,0.0806,0.9078,0.9207,0.7595,0.604,0.0839,0.8747,0.6069,619
658,0.7483,0.7279,0.5071,0.345,0.206,0.8713,0.9928,0.1706,0.5648,620
660,0.1845,0.4965,0.1879,0.0547,0.7093,0.9989,0.1272,0.1362,0.8609,621
661,0.2093,0.4369,0.077,0.2042,0.0211,0.6078,0.0723,0.6304,0.8216,622
662,0.3705,0.7295,0.6962,0.4187,0.4189,0.4047,0.8785,0.3012,0.1223,623
664,0.4845,0.7655,0.3828,0.2196,0.7759,0.2252,0.3018,0.0186,0.8486,624
665,0.6183,0.1589,0.8218,0.0002,0.3387,0.2571,0.6503,0.8886,0.4141,625
666,0.3689,0.6102,0.6595,0.915,0.5637,0.4795,0.329,0.2269,0.2537,626
673,0.4625,0.1354,0.7962,0.8439,0.205,0.3673,0.3915,0.9293,0.8698,627
674,0.7475,0.7514,0.2719,0.7423,0.742,0.9138,0.2621,0.7174,0.432,628
675,0.0367,0.657,0.6924,0.1678,0.0523,0.3683,0.343,0.7627,0.8084,629
676,0.2524,0.9566,0.2641,0.1204,0.8525,0.3734,0.4107,0.2015,0.2634,630
677,0.7133,0.069,0.9391,0.0676,0.1982,0.3835,0.7204,0.2342,0.0039,631
678,0.8952,0.0571,0.6364,0.724,0.8744,0.8366,0.5115,0.5213,0.4955,632
679,0.5117,0.2822,0.3245,0.9288,0.3525,0.6508,0.9436,0.1721,0.1002,633
680,0.5321,0.2617,0.2695,0.4305,0.7227,0.6142,0.0419,0.3054,0.7544,634
681,0.1072,0.247,0.1909,0.1191,0.3192,0.3341,0.5031,0.3215,0.2761,635
682,0.4474,0.9063,0.6946,0.5124,0.9059,0.8179,0.5842,0.1596,0.4436,636
683,0.5326,0.2495,0.2187,0.3488,0.1266,0.0384,0.9202,0.2052,0.087,637
684,0.2425,0.2719,0.5953,0.3748,0.1785,0.8708,0.0492,0.7886,0.2867,638
685,0.2692,0.7594,0.2646,0.6213,0.493,0.5127,0.5735,0.1672,0.7815,639
686,0.3773,0.4497,0.662,0.7187,0.0819,0.3983,0.8536,0.0285,0.1516,640
687,0.0201,0.7767,0.8149,0.1106,0.196,0.4972,0.2419,0.6294,0.6472,641
688,0.3221,0.0654,0.778,0.0356,0.9438,0.6674,0.8763,0.976,0.9174,642
689,0.2114,0.4876,0.7609,0.9943,0.9765,0.0128,0.019,0.3312,0.6798,643
690,0.3275,0.0336,0.1877,0.2327,0.3763,0.8716,0.7325,0.1187,0.811,644
691,0.1198,0.0627,0.0884,0.0538,0.9233,0.4467,0.9331,0.5704,0.109,645
692,0.8905,0.9064,0.6989,0.1899,0.5448,0.343,0.6572,0.9064,0.2507,646
693,0.5936,0.1392,0.3683,0.039,0.2697,0.1382,0.439,0.7841,0.8945,647
694,0.6791,0.5324,0.4323,0.3918,0.7024,0.4395,0.0449,0.6225,0.7151,648
695,0.7892,0.4111,0.0311,0.8024,0.6589,0.4963,0.9201,0.3151,0.6396,649
696,0.4984,0.3473,0.2596,0.3412,0.9891,0.4036,0.4703,0.5419,0.6638,650
697,0.0869,0.8998,0.0337,0.4442,0.265,0.6787,0.029,0.0912,0.4142,651
698,0.5371,0.0218,0.8792,0.6756,0.6721,0.4209,0.6898,0.6789,0.0446,652
699,0.5868,0.6638,0.2434,0.5089,0.052,0.9614,0.4818,0.7251,0.7844,653
700,0.7454,0.9634,0.5573,0.8614,0.1136,0.5993,0.1243,0.965,0.6787,654
701,0.4317,0.5602,0.039,0.866,0.0039,0.8075,0.2143,0.2604,0.4728,655
702,0.1276,0.9368,0.6668,0.0099,0.9995,0.1094,0.0645,0.0185,0.8998,656
703,0.2838,0.0523,0.323,0.778,0.8023,0.3973,0.5743,0.5456,0.3362,657
704,0.3631,0.4188,0.8979,0.4607,0.7867,0.3368,0.622,0.7068,0.2943,658
705,0.6459,0.2602,0.8881,0.9888,0.5097,0.5695,0.5057,0.7904,0.8728,659
706,0.5708,0.7308,0.3253,0.4832,0.3001,0.8611,0.8171,0.1937,0.797,660
707,0.3561,0.9813,0.901,0.9869,0.1513,0.0783,0.861,0.2618,0.515,661
708,0.9865,0.2565,0.9962,0.7546,0.2847,0.0726,0.6156,0.5126,0.1307,662
709,0.6058,0.6542,0.8254,0.2486,0.376,0.8503,0.0128,0.3306,0.2151,663
710,0.2372,0.1981,0.8449,0.5384,0.7563,0.2129,0.6952,0.8605,0.6562,664
711,0.1018,0.5653,0.249,0.9921,0.5397,0.6688,0.418,0.4738,0.385,665
712,0.1529,0.4639,0.5767,0.8575,0.0775,0.5429,0.5656,0.7996,0.8365,666
713,0.246,0.972,0.0673,0.0974,0.018,0.8329,0.6491,0.5806,0.95,667
714,0.1607,0.6085,0.0949,0.7064,0.1023,0.1251,0.3502,0.7731,0.8056,668
715,0.1866,0.3495,0.9989,0.3456,0.4105,0.1298,0.9171,0.3327,0.3775,669
716,0.2851,0.1141,0.3266,0.007,0.9332,0.5568,0.134,0.8314,0.7887,670
717,0.1734,0.1512,0.7482,0.4035,0.6374,0.9464,0.6715,0.2746,0.3514,671
718,0.8968,0.2253,0.8067,0.2348,0.8018,0.415,0.0044,0.5461,0.1671,672
719,0.0802,0.251,0.858,0.8189,0.4664,0.3269,0.9247,0.214,0.0334,673
720,0.5245,0.8506,0.9976,0.3373,0.3617,0.6067,0.1125,0.4755,0.3857,674
721,0.4104,0.5612,0.2415,0.8275,0.1084,0.9304,0.0949,0.3182,0.9036,675
722,0.9824,0.5234,0.0404,0.0006,0.8759,0.8369,0.333,0.2667,0.239,676
723,0.112,0.1148,0.4112,0.3078,0.7832,0.9955,0.3736,0.967,0.2065,677
724,0.3979,0.8601,0.1301,0.2412,0.1681,0.0226,0.2143,0.1601,0.9698,678
725,0.9695,0.7228,0.0224,0.2336,0.5123,0.1129,0.5851,0.7873,0.025,679
726,0.8655,0.0677,0.3604,0.0682,0.4874,0.6095,0.4429,0.9842,0.7858,680
727,0.8171,0.7078,0.7837,0.1871,0.6251,0.8206,0.0342,0.0199,0.3214,681
728,0.2579,0.5435,0.5662,0.5555,0.9462,0.2852,0.3197,0.699,0.0375,682
729,0.1709,0.0817,0.3128,0.2914,0.5798,0.2392,0.8104,0.2529,0.9178,683
730,0.6686,0.4583,0.6543,0.4174,0.5402,0.787,0.6897,0.0405,0.1396,684
731,0.9294,0.4847,0.232,0.3769,0.0503,0.0564,0.7249,0.4029,0.5518,685
732,0.5568,0.1658,0.0144,0.8759,0.0629,0.3694,0.6981,0.9352,0.2741,686
733,0.5716,0.9457,0.7644,0.9053,0.1873,0.5058,0.311,0.0118,0.0652,687
734,0.28,0.85,0.6237,0.493,0.0325,0.5603,0.0997,0.5879,0.0499,688
735,0.7695,0.669,0.7623,0.3302,0.7434,0.7286,0.2725,0.5014,0.1156,689
736,0.187,0.4623,0.0389,0.1068,0.7233,0.3548,0.8318,0.8734,0.0714,690
737,0.3237,0.4118,0.8371,0.9534,0.1361,0.6127,0.9805,0.084,0.7606,691
738,0.4254,0.651,0.6195,0.0602,0.8361,0.5854,0.4938,0.6815,0.4856,692
739,0.5076,0.5454,0.5634,0.2977,0.1548,0.5476,0.0097,0.6801,0.3429,693
740,0.2424,0.0623,0.6246,0.2981,0.3012,0.6405,0.14,0.6691,0.4184,694
741,0.1148,0.5125,0.8644,0.3204,0.249,0.2594,0.3221,0.9423,0.9289,695
742,0.6106,0.8064,0.5869,0.1643,0.3723,0.0846,0.5786,0.8231,0.9108,696
743,0.2886,0.4592,0.581,0.7832,0.2547,0.1193,0.0751,0.042,0.7157,697
744,0.5812,0.052,0.9907,0.1225,0.489,0.2246,0.9434,0.4711,0.8847,698
745,0.1544,0.7863,0.7567,0.6349,0.4074,0.5002,0.3651,0.398,0.3196,699
746,0.4811,0.2014,0.4423,0.1238,0.9866,0.8404,0.9126,0.3101,0.3811,700
747,0.5326,0.2586,0.7074,0.0705,0.0559,0.7013,0.7805,0.4513,0.6137,701
748,0.0518,0.1647,0.3892,0.9094,0.1422,0.789,0.7554,0.3842,0.6236,702
749,0.3366,0.3302,0.2289,0.1901,0.0528,0.351,0.6067,0.4323,0.4817,703
750,0.1344,0.7568,0.5969,0.8213,0.6258,0.4047,0.6268,0.9793,0.4007,704
751,0.0634,0.5194,0.9282,0.5446,0.0545,0.3937,0.638,0.0886,0.9862,705
752,0.99,0.2049,0.9291,0.0779,0.8364,0.1919,0.6287,0.9222,0.8211,706
753,0.3224,0.8778,0.3419,0.9554,0.5119,0.0612,0.5537,0.4802,0.435,707
754,0.8099,0.8796,0.5277,0.247,0.527,0.5909,0.9864,0.6237,0.7273,708
755,0.2546,0.8706,0.2116,0.8596,0.5616,0.9892,0.7323,0.8302,0.2696,709
756,0.6815,0.2388,0.9956,0.1688,0.1708,0.1668,0.7769,0.3605,0.1002,710
757,0.7602,0.4512,0.9811,0.8539,0.1977,0.0467,0.8725,0.4304,0.3524,711
758,0.5956,0.985,0.6495,0.0132,0.3188,0.7795,0.2156,0.4095,0.403,712
760,0.4716,0.772,0.8044,0.5118,0.5935,0.2526,0.0838,0.3747,0.0165,713
760,0.4118,0.0272,0.7151,0.7694,0.2101,0.8296,0.4829,0.9255,0.8148,714
761,0.3489,0.0652,0.5932,0.9348,0.1163,0.7039,0.5141,0.8289,0.3592,715
763,0.9295,0.4639,0.0533,0.9092,0.9701,0.9457,0.8292,0.109,0.5804,716
764,0.8306,0.9092,0.4548,0.8196,0.022,0.4089,0.4438,0.1081,0.074,717
765,0.965,0.5387,0.6748,0.8882,0.8027,0.662,0.5709,0.4279,0.175,718
766,0.1243,0.4978,0.6775,0.1992,0.788,0.4649,0.5271,0.0987,0.8897,719
767,0.7309,0.1055,0.3731,0.2842,0.2972,0.6306,0.0382,0.6191,0.6087,720
768,0.9383,0.6568,0.9417,0.289,0.1356,0.4496,0.6152,0.1437,0.9503,721
769,0.1812,0.8221,0.1674,0.3771,0.1456,0.1886,0.828,0.5224,0.9988,722
770,0.0665,0.3804,0.5004,0.3933,0.6974,0.5079,0.1575,0.0072,0.3719,723
771,0.7411,0.7756,0.6909,0.5446,0.6428,0.5286,0.5943,0.3166,0.2988,724
772,0.5745,0.9645,0.6971,0.1599,0.7827,0.8106,0.5936,0.6772,0.8584,725
773,0.8418,0.2038,0.6486,0.6912,0.9375,0.7355,0.1642,0.484,0.9986,726
774,0.1398,0.5233,0.2753,0.1676,0.6919,0.6638,0.1235,0.9783,0.6296,727
775,0.7953,0.2871,0.1562,0.3103,0.1559,0.1134,0.9801,0.8741,0.7951,728
776,0.2016,0.7929,0.6359,0.5033,0.2434,0.7206,0.3937,0.3591,0.7817,729
777,0.1637,0.5776,0.5993,0.7964,0.8422,0.5003,0.2274,0.0455,0.3553,730
778,0.1643,0.6346,0.1794,0.7395,0.2093,0.8941,0.1713,0.8456,0.5743,731
779,0.8146,0.7979,0.7051,0.6455,0.0725,0.9199,0.6676,0.9112,0.8331,732
780,0.6652,0.396,0.4552,0.1558,0.7033,0.0552,0.6094,0.8206,0.6881,733
781,0.5231,0.9151,0.6678,0.547,0.4025,0.8206,0.6436,0.1279,0.0212,734
782,0.3588,0.533,0.8374,0.0874,0.92,0.0377,0.088,0.9979,0.3367,735
783,0.8772,0.158,0.1697,0.3774,0.6503,0.3672,0.8935,0.2586,0.1445,736
784,0.3924,0.6959,0.0191,0.4135,0.0904,0.5423,0.3893,0.7242,0.233,737
785,0.8166,0.7933,0.7791,0.0398,0.9479,0.1481,0.3134,0.908,0.9055,738
786,0.4391,0.3168,0.6097,0.274,0.2586,0.7463,0.4624,0.2357,0.0369,739
787,0.3769,0.8572,0.6996,0.9556,0.3372,0.0084,0.3901,0.9083,0.2198,740
788,0.4627,0.9061,0.8382,0.9536,0.4023,0.1686,0.8636,0.3095,0.3096,741
789,0.3014,0.2769,0.8028,0.3523,0.0512,0.5808,0.9293,0.9764,0.6169,742
790,0.7476,0.9835,0.9609,0.0431,0.4965,0.7144,0.3035,0.2813,0.5341,743
791,0.5027,0.1407,0.5359,0.1791,0.1233,0.9166,0.8639,0.9534,0.2183,744
792,0.2322,0.202,0.4885,0.3922,0.401,0.7055,0.7815,0.0535,0.1642,745
793,0.8996,0.1842,0.4019,0.9478,0.3507,0.6718,0.9308,0.7093,0.2368,746
794,0.3839,0.894,0.1537,0.1412,0.7728,0.3943,0.2458,0.5321,0.5025,747
795,0.5436,0.6543,0.5726,0.7635,0.8032,0.0013,0.577,0.4779,0.2712,748
796,0.9065,0.1521,0.277,0.1087,0.1534,0.1202,0.2745,0.2235,0.9476,749
797,0.6242,0.4403,0.9213,0.9813,0.3666,0.5346,0.8241,0.7056,0.4639,750
798,0.1169,0.6153,0.5832,0.3816,0.3734,0.6751,0.0053,0.1908,0.0588,751
799,0.9398,0.0835,0.5928,0.7752,0.1514,0.4174,0.5648,0.5528,0.7293,752
800,0.6277,0.8824,0.3549,0.3426,0.7985,0.7307,0.3392,0.2532,0.3288,753
801,0.3349,0.8036,0.052,0.6277,0.7072,0.5219,0.3227,0.9556,0.6535,754
802,0.1393,0.5052,0.0317,0.192,0.1904,0.0742,0.6449,0.0286,0.2796,755
803,0.794,0.9671,0.4233,0.146,0.3667,0.192,0.8515,0.1997,0.5707,756
804,0.6201,0.4178,0.0846,0.9381,0.1058,0.84,0.6092,0.2423,0.7722,757
805,0.5335,0.9841,0.6068,0.9176,0.6282,0.7249,0.8532,0.4141,0.928,758
806,0.8939,0.6679,0.881,0.8875,0.1214,0.8948,0.2646,0.2327,0.2611,759
807,0.7886,0.6347,0.8829,0.6254,0.9859,0.1176,0.5195,0.4913,0.3349,760
808,0.1517,0.166,0.659,0.8083,0.7807,0.9902,0.4505,0.8725,0.4643,761
809,0.3117,0.8819,0.2112,0.069,0.3902,0.2094,0.0116,0.7121,0.9272,762
810,0.2485,0.4275,0.863,0.3348,0.5786,0.0118,0.5568,0.58,0.9014,763
811,0.7439,0.1622,0.8861,0.3137,0.9113,0.9974,0.6615,0.089,0.0899,764
812,0.0335,0.0126,0.1967,0.6356,0.5541,0.2811,0.5919,0.694,0.1319,765
813,0.5699,0.5598,0.7374,0.356,0.1745,0.668,0.7363,0.1664,0.4955,766
814,0.7625,0.5274,0.2865,0.1485,0.3787,0.1767,0.5713,0.7864,0.1066,767
815,0.8768,0.7194,0.8026,0.5965,0.8431,0.5802,0.0668,0.2501,0.3456,768
816,0.3421,0.8903,0.9972,0.8144,0.6442,0.904,0.1164,0.417,0.1484,769
817,0.8213,0.0794,0.03,0.3821,0.6507,0.3202,0.5965,0.3505,0.636,770
818,0.1106,0.7315,0.8974,0.1323,0.8668,0.6703,0.275,0.8588,0.9495,771
819,0.8465,0.1874,0.6226,0.1967,0.894,0.1879,0.0796,0.1265,0.9967,772
820,0.1275,0.8582,0.9734,0.2375,0.9198,0.6248,0.4296,0.5656,0.3752,773
821,0.3973,0.8191,0.465,0.2999,0.0948,0.3365,0.5543,0.1421,0.599,774
822,0.7973,0.5408,0.8474,0.6428,0.5441,0.2112,0.3287,0.7048,0.8563,775
823,0.1499,0.7102,0.0624,0.6009,0.7405,0.3132,0.7204,0.9051,0.1175,776
824,0.2293,0.3144,0.3353,0.6961,0.7569,0.1788,0.6438,0.4346,0.6896,777
826,0.7223,0.4712,0.067,0.3625,0.6067,0.9019,0.3328,0.4881,0.4088,778
829,0.72,0.8216,0.9753,0.824,0.1668,0.3972,0.7549,0.9274,0.2061,779
830,0.6411,0.4593,0.817,0.2041,0.7974,0.2453,0.6487,0.521,0.4028,780
834,0.6939,0.3578,0.8525,0.469,0.7201,0.4484,0.6374,0.4876,0.076,781
835,0.5427,0.4942,0.938,0.8009,0.0861,0.3205,0.5534,0.5783,0.6954,782
841,0.2518,0.8282,0.0851,0.1802,0.4638,0.7444,0.0114,0.6892,0.2527,783
842,0.3457,0.3352,0.3856,0.1099,0.174,0.9712,0.6965,0.1069,0.3114,784
843,0.1816,0.1738,0.071,0.8837,0.3375,0.438,0.376,0.8211,0.1211,785
844,0.9085,0.712,0.2108,0.3429,0.0181,0.861,0.9426,0.4355,0.8647,786
845,0.5834,0.826,0.2294,0.6839,0.4003,0.5659,0.818,0.0723,0.4934,787
846,0.4009,0.1006,0.4691,0.0253,0.5499,0.1572,0.5877,0.7862,0.5721,788
847,0.462,0.2399,0.2686,0.69,0.6196,0.6906,0.2522,0.3769,0.5694,789
848,0.9473,0.142,0.101,0.3161,0.6635,0.5134,0.2037,0.1004,0.4105,790
849,0.1534,0.3479,0.1675,0.0557,0.8363,0.6506,0.3404,0.6338,0.1925,791
850,0.5862,0.4504,0.1473,0.6098,0.2155,0.8897,0.4766,0.8801,0.7451,792
851,0.5059,0.7488,0.9731,0.2408,0.1205,0.4404,0.2961,0.8878,0.1271,793
852,0.6115,0.6511,0.7593,0.3868,0.8515,0.9012,0.5149,0.9577,0.1039,794
853,0.0181,0.6209,0.9678,0.0806,0.1566,0.7507,0.1654,0.8677,0.7101,795
854,0.8721,0.3524,0.4397,0.1472,0.9748,0.4886,0.9777,0.0021,0.2088,796
855,0.9321,0.8414,0.2784,0.298,0.8425,0.6032,0.1079,0.3802,0.3068,797
856,0.5651,0.4713,0.7983,0.0898,0.5009,0.3256,0.9319,0.8185,0.4752,798
857,0.6967,0.9791,0.3263,0.9108,0.9814,0.9836,0.9136,0.3663,0.4494,799
858,0.9225,0.6341,0.2994,0.006,0.0974,0.6674,0.5254,0.6015,0.7086,800
859,0.7072,0.1263,0.2325,0.4839,0.3031,0.0438,0.7249,0.6063,0.6234,801
860,0.1525,0.6762,0.1297,0.1232,0.6382,0.3266,0.436,0.365,0.6444,802
861,0.5763,0.3251,0.2565,0.3077,0.35,0.6233,0.63,0.9045,0.7141,803
862,0.6067,0.6863,0.3553,0.9261,0.9284,0.0563,0.3406,0.5032,0.2926,804
863,0.4241,0.0696,0.674,0.1617,0.0656,0.0239,0.3012,0.4648,0.3223,805
864,0.7364,0.1749,0.0626,0.9658,0.5494,0.45,0.5782,0.9975,0.438,806
865,0.9344,0.8557,0.2105,0.2058,0.5909,0.3327,0.4981,0.4935,0.3075,807
866,0.9256,0.2272,0.809,0.7416,0.6527,0.4383,0.5795,0.1784,0.9849,808
867,0.4508,0.837,0.1469,0.5467,0.2557,0.2627,0.2867,0.5131,0.8141,809
868,0.1132,0.2793,0.3426,0.8845,0.3646,0.1647,0.367,0.814,0.1647,810
869,0.9848,0.6429,0.8647,0.554,0.8437,0.6891,0.0839,0.7769,0.0056,811
870,0.8389,0.6942,0.1549,0.5346,0.1949,0.5146,0.0523,0.7886,0.0428,812
871,0.1247,0.5127,0.0827,0.1955,0.8269,0.2002,0.2535,0.708,0.2441,813
872,0.9208,0.3053,0.4845,0.1662,0.5627,0.3196,0.0742,0.2542,0.1143,814
873,0.8699,0.2126,0.3024,0.9165,0.7622,0.5918,0.1038,0.8621,0.5333,815
874,0.5188,0.0332,0.5634,0.3278,0.7136,0.0722,0.8129,0.8934,0.858,816
875,0.5913,0.3039,0.8038,0.3721,0.2075,0.1475,0.0389,0.1942,0.7368,817
876,0.399,0.6532,0.1371,0.7598,0.5688,0.0732,0.6589,0.1305,0.2156,818
877,0.0548,0.9383,0.5807,0.3388,0.8677,0.8123,0.2726,0.9756,0.3993,819
878,0.3352,0.8712,0.5055,0.9521,0.4321,0.7524,0.8715,0.8683,0.5079,820
879,0.8029,0.7661,0.1441,0.7379,0.9666,0.7533,0.485,0.8932,0.8102,821
880,0.0046,0.7884,0.624,0.5974,0.4522,0.7163,0.3056,0.8864,0.8391,822
881,0.3335,0.665,0.2736,0.8809,0.1428,0.6694,0.5176,0.5417,0.9097,823
882,0.3982,0.2603,0.4878,0.0496,0.3894,0.477,0.382,0.6464,0.5092,824
883,0.5374,0.9072,0.0823,0.2571,0.9517,0.6423,0.5643,0.5454,0.6943,825
884,0.9199,0.6707,0.4596,0.465,0.3197,0.0384,0.1145,0.0512,0.1118,826
885,0.3463,0.5604,0.3065,0.227,0.8681,0.6215,0.997,0.7455,0.5653,827
886,0.347,0.111,0.8224,0.7439,0.8813,0.7779,0.4256,0.5053,0.2487,828
887,0.7375,0.4471,0.057,0.9192,0.3502,0.5004,0.3482,0.6477,0.4317,829
888,0.4522,0.4604,0.4186,0.4238,0.0833,0.3575,0.7102,0.5026,0.6341,830
889,0.2246,0.8646,0.4584,0.3421,0.7246,0.2774,0.3639,0.4918,0.257,831
890,0.4524,0.5466,0.725,0.9616,0.3115,0.6428,0.8333,0.1718,0.0522,832
891,0.1409,0.3804,0.5743,0.4449,0.7829,0.6928,0.4543,0.2787,0.0102,833
892,0.1764,0.9768,0.6672,0.489,0.4427,0.871,0.7196,0.1589,0.0222,834
893,0.4984,0.1107,0.777,0.3516,0.4853,0.3423,0.1075,0.1957,0.0083,835
894,0.4189,0.4225,0.8622,0.9095,0.7779,0.7698,0.8461,0.973,0.1104,836
895,0.9148,0.042,0.3139,0.569,0.3824,0.5614,0.7357,0.1531,0.2395,837
896,0.3624,0.7399,0.538,0.7622,0.4431,0.8828,0.2117,0.2693,0.2212,838
897,0.5806,0.9181,0.8401,0.8118,0.3762,0.5278,0.1453,0.5906,0.9868,839
898,0.6323,0.28,0.9895,0.3418,0.3673,0.5176,0.3163,0.6102,0.306,840
899,0.0131,0.8583,0.8895,0.4337,0.5259,0.5779,0.9761,0.154,0.1274,841
900,0.6635,0.2922,0.3715,0.8485,0.8088,0.7493,0.2568,0.7937,0.5456,842
901,0.178,0.9108,0.1952,0.3633,0.3618,0.9647,0.4561,0.7852,0.858,843
902,0.9611,0.754,0.4894,0.7939,0.5243,0.0736,0.03,0.2373,0.6781,844
903,0.1487,0.8049,0.7416,0.941,0.6707,0.0534,0.3972,0.2887,0.2961,845
904,0.4146,0.018,0.4926,0.6232,0.2694,0.9376,0.5713,0.938,0.5616,846
905,0.0853,0.9628,0.4832,0.7416,0.2775,0.5299,0.9531,0.8257,0.7149,847
906,0.9969,0.7267,0.8382,0.8051,0.9334,0.6149,0.5167,0.6978,0.7281,848
907,0.5022,0.3048,0.3614,0.845,0.7235,0.4824,0.8191,0.0822,0.6665,849
908,0.5954,0.8294,0.8598,0.3951,0.5772,0.0937,0.5471,0.4183,0.8708,850
909,0.0671,0.2815,0.4068,0.0513,0.6477,0.7681,0.0408,0.5593,0.8701,851
910,0.75,0.8728,0.3282,0.4019,0.0293,0.7472,0.315,0.1874,0.5789,852
911,0.2099,0.1126,0.454,0.6738,0.6181,0.3117,0.5755,0.4482,0.4299,853
912,0.8981,0.7037,0.7624,0.4504,0.5095,0.3062,0.9506,0.601,0.6416,854
913,0.2051,0.5407,0.126,0.749,0.5457,0.8378,0.8591,0.3274,0.8182,855
914,0.1907,0.0965,0.1964,0.357,0.3594,0.0724,0.2284,0.7809,0.0057,856
915,0.0365,0.2419,0.9514,0.6347,0.0815,0.8811,0.2201,0.8404,0.992,857
916,0.4721,0.0124,0.1755,0.1864,0.1933,0.2567,0.2012,0.3236,0.1829,858
917,0.5648,0.4688,0.5677,0.7494,0.9507,0.593,0.9225,0.8387,0.4702,859
918,0.0657,0.3013,0.5793,0.5457,0.4087,0.936,0.8527,0.1036,0.872,860
919,0.7755,0.5984,0.4896,0.2041,0.4667,0.6781,0.7749,0.8377,0.225,861
920,0.4533,0.2972,0.6447,0.2919,0.0527,0.4144,0.3927,0.1528,0.4768,862
921,0.5244,0.2999,0.2298,0.7486,0.0376,0.6895,0.5044,0.0829,0.1326,863
922,0.4408,0.7432,0.5527,0.4826,0.7172,0.344,0.4643,0.6418,0.3951,864
923,0.4008,0.0481,0.3722,0.216,0.5381,0.2773,0.2534,0.4719,0.1771,865
924,0.5596,0.9029,0.6617,0.9673,0.5087,0.9967,0.505,0.9079,0.3636,866
925,0.1552,0.8523,0.1412,0.7151,0.2431,0.7508,0.0305,0.3632,0.3735,867
926,0.1819,0.6678,0.5709,0.9571,0.7448,0.6447,0.1318,0.2872,0.9932,868
927,0.8618,0.5932,0.1853,0.4271,0.1682,0.3553,0.8866,0.5007,0.9948,869
928,0.9461,0.8923,0.2786,0.4751,0.1899,0.0492,0.7517,0.4559,0.1148,870
928,0.3733,0.1853,0.2187,0.898,0.4607,0.0311,0.4229,0.3444,0.726,871
929,0.2707,0.079,0.1828,0.525,0.2863,0.5542,0.5172,0.6937,0.0517,872
930,0.644,0.2395,0.8257,0.7073,0.2475,0.762,0.37,0.7596,0.0302,873
931,0.4087,0.7946,0.2857,0.2522,0.6452,0.5374,0.7408,0.853,0.1053,874
932,0.0254,0.0347,0.9271,0.4467,0.651,0.8408,0.7842,0.9729,0.9655,875
933,0.1562,0.5828,0.9699,0.1234,0.8245,0.0334,0.7633,0.2667,0.9409,876
934,0.716,0.9954,0.5713,0.206,0.4177,0.3668,0.7226,0.7161,0.1939,877
935,0.6589,0.8557,0.143,0.0009,0.0731,0.2371,0.2045,0.3943,0.1617,878
936,0.0271,0.5214,0.3745,0.0393,0.2737,0.4473,0.338,0.6771,0.2405,879
937,0.222,0.0636,0.7977,0.9773,0.98,0.0724,0.4698,0.476,0.5155,880
938,0.2311,0.8314,0.3674,0.2424,0.5963,0.9541,0.3308,0.9938,0.5697,881
939,0.6719,0.599,0.087,0.6633,0.7097,0.2233,0.7549,0.7289,0.2216,882
940,0.0197,0.1149,0.5568,0.8391,0.0074,0.9223,0.3294,0.9525,0.7566,883
941,0.1041,0.0939,0.8451,0.5507,0.5182,0.4259,0.1382,0.835,0.3096,884
942,0.7999,0.9096,0.7959,0.1531,0.0375,0.9855,0.399,0.9029,0.9221,885
943,0.1785,0.6692,0.1751,0.7281,0.5692,0.5541,0.9799,0.8144,0.6567,886
944,0.6527,0.8293,0.6728,0.6003,0.9208,0.9308,0.2259,0.4592,0.4364,887
945,0.2382,0.879,0.2205,0.7313,0.9684,0.0053,0.6122,0.2518,0.7899,888
946,0.0994,0.5718,0.2182,0.7697,0.5406,0.7482,0.433,0.3703,0.8179,889
947,0.2432,0.5174,0.8741,0.9754,0.4582,0.9031,0.071,0.0202,0.2905,890
948,0.7223,0.4304,0.2497,0.5736,0.945,0.1397,0.4879,0.524,0.3397,891
949,0.8557,0.3169,0.2632,0.3416,0.6736,0.0961,0.7022,0.5051,0.936,892
950,0.8302,0.4346,0.0007,0.6485,0.0649,0.4246,0.5132,0.5253,0.1647,893
951,0.3972,0.7739,0.8707,0.0684,0.4657,0.9337,0.8721,0.974,0.0422,894
952,0.6681,0.6019,0.7926,0.8974,0.2402,0.5424,0.2889,0.9115,0.4541,895
953,0.205,0.8925,0.6273,0.1194,0.4698,0.5275,0.0862,0.1617,0.8012,896
954,0.2931,0.4434,0.7503,0.3278,0.4555,0.1411,0.9366,0.3689,0.7717,897
955,0.8963,0.6071,0.152,0.8157,0.5821,0.0008,0.3782,0.424,0.9195,898
956,0.013,0.6313,0.4583,0.5973,0.3568,0.8101,0.5764,0.3605,0.5332,899
957,0.0855,0.5917,0.3512,0.3936,0.1643,0.0876,0.792,0.7985,0.1001,900
958,0.2079,0.7026,0.0938,0.4734,0.5037,0.6338,0.3243,0.524,0.5887,901
959,0.0265,0.2374,0.4861,0.8545,0.8302,0.9146,0.7162,0.5721,0.7784,902
960,0.1814,0.5124,0.9207,0.34,0.664,0.2087,0.1354,0.853,0.0933,903
961,0.583,0.1042,0.0401,0.8696,0.3384,0.6653,0.2913,0.8059,0.1727,904
962,0.4214,0.3845,0.2915,0.0881,0.9355,0.0787,0.1447,0.1322,0.0123,905
963,0.8927,0.4877,0.2075,0.7768,0.9122,0.6038,0.8112,0.7139,0.5937,906
964,0.8174,0.6522,0.2381,0.8475,0.2093,0.1639,0.2226,0.4354,0.8867,907
965,0.3418,0.9505,0.9084,0.1818,0.0394,0.736,0.7174,0.2946,0.6707,908
966,0.2594,0.6007,0.4681,0.4303,0.7413,0.3012,0.9433,0.05,0.982,909
967,0.3797,0.7436,0.4663,0.1655,0.8276,0.4634,0.5278,0.4872,0.063,910
968,0.5903,0.5063,0.7606,0.7066,0.9679,0.5994,0.54,0.3554,0.903,911
969,0.2681,0.6341,0.1545,0.5353,0.8898,0.1713,0.461,0.2515,0.8141,912
970,0.6241,0.0709,0.4873,0.6353,0.6005,0.7416,0.3259,0.6947,0.3142,913
971,0.4094,0.2544,0.43,0.1965,0.5301,0.3026,0.4757,0.7695,0.9735,914
972,0.552,0.3619,0.5969,0.2117,0.0278,0.6624,0.6028,0.2448,0.2879,915
973,0.4361,0.4725,0.9996,0.0415,0.2467,0.1583,0.986,0.0494,0.8893,916
974,0.2945,0.0456,0.7694,0.3221,0.4596,0.6881,0.9378,0.8488,0.8807,917
975,0.9485,0.14,0.3979,0.5597,0.6285,0.1282,0.8622,0.01,0.7577,918
976,0.7636,0.2768,0.8276,0.8579,0.5573,0.4254,0.8891,0.9371,0.5635,919
977,0.1401,0.9715,0.1707,0.6669,0.7426,0.2472,0.4678,0.6276,0.12,920
978,0.8685,0.3313,0.0305,0.4354,0.2798,0.7484,0.6574,0.3218,0.532,921
979,0.4874,0.482,0.2044,0.9531,0.565,0.262,0.8951,0.2465,0.3568,922
980,0.8946,0.1961,0.3404,0.7192,0.0881,0.8817,0.393,0.009,0.7922,923
981,0.7999,0.6108,0.5106,0.9302,0.4137,0.8918,0.9618,0.2355,0.7581,924
982,0.4252,0.2807,0.6151,0.5276,0.7502,0.1964,0.4158,0.1377,0.9106,925
983,0.0225,0.207,0.9106,0.2589,0.6934,0.6138,0.6011,0.6122,0.0148,926
984,0.2687,0.5166,0.5099,0.0528,0.9906,0.0877,0.7098,0.1665,0.8091,927
985,0.5416,0.0055,0.5013,0.7261,0.2779,0.3915,0.9506,0.5286,0.9385,928
986,0.6335,0.0077,0.0502,0.1213,0.4982,0.7133,0.2446,0.5901,0.7893,929
987,0.2579,0.2191,0.0349,0.3028,0.3295,0.6594,0.7461,0.298,0.1302,930
988,0.1394,0.0367,0.5512,0.5325,0.4406,0.6247,0.5208,0.0351,0.0813,931
989,0.8349,0.108,0.4382,0.5644,0.857,0.2825,0.2686,0.0373,0.0208,932
990,0.9844,0.3389,0.8392,0.6006,0.6842,0.378,0.7766,0.0263,0.6287,933
991,0.5257,0.8026,0.1607,0.1663,0.8824,0.1029,0.5522,0.7391,0.6297,934
992,0.1717,0.572,0.025,0.3797,0.2035,0.719,0.661,0.318,0.9869,935
1009,0.2723,0.5127,0.449,0.6172,0.8734,0.5039,0.3229,0.7963,0.398,936
1010,0.0184,0.2935,0.2375,0.9698,0.0598,0.7088,0.4813,0.4317,0.3319,937
1011,0.9143,0.9318,0.0496,0.7276,0.8886,0.2489,0.6174,0.453,0.6244,938
1012,0.1178,0.397,0.7246,0.9226,0.3291,0.3244,0.4049,0.5129,0.8256,939
1013,0.5765,0.0871,0.1116,0.7622,0.3146,0.3342,0.1984,0.713,0.9368,940
1014,0.2741,0.6171,0.6083,0.5917,0.5121,0.0257,0.9616,0.2735,0.8031,941
1015,0.5542,0.1138,0.281,0.192,0.9407,0.341,0.5115,0.1216,0.4267,942
1016,0.6514,0.3452,0.1735,0.6667,0.0478,0.8033,0.7339,0.5561,0.6349,943
1017,0.8297,0.5074,0.3798,0.6234,0.3522,0.8973,0.411,0.327,0.8563,944
1018,0.2064,0.8742,0.8014,0.6025,0.8566,0.5182,0.3551,0.4425,0.4906,945
1019,0.011,0.4935,0.3921,0.4898,0.3961,0.4555,0.4072,0.6469,0.2167,946
1020,0.1369,0.7023,0.7508,0.5287,0.1992,0.0308,0.4092,0.4941,0.1697,947
1021,0.9,0.9928,0.1255,0.3344,0.4248,0.8792,0.5442,0.6203,0.0002,948
1022,0.8739,0.1315,0.7728,0.5193,0.3856,0.013,0.5435,0.5442,0.7182,949
1023,0.5974,0.2747,0.2369,0.1976,0.9154,0.9448,0.4972,0.7398,0.1111,950
1024,0.6005,0.3946,0.6774,0.8052,0.7619,0.4892,0.1348,0.7059,0.2438,951
1025,0.665,0.4218,0.5658,0.1858,0.5051,0.3419,0.4961,0.5342,0.2979,952
1026,0.1754,0.411,0.9291,0.085,0.9884,0.9242,0.1691,0.6789,0.5604,953
1027,0.9144,0.9076,0.3873,0.4362,0.4653,0.0244,0.1261,0.8736,0.398,954
1028,0.4188,0.714,0.0662,0.6583,0.0582,0.5814,0.9326,0.4323,0.6747,955
1029,0.3831,0.6079,0.0192,0.4377,0.2623,0.5489,0.605,0.4128,0.0556,956
1030,0.5189,0.3094,0.8269,0.2768,0.4361,0.2193,0.6595,0.7642,0.1239,957
1031,0.047,0.8238,0.5247,0.5582,0.1569,0.4289,0.4018,0.5826,0.4992,958
1032,0.1663,0.9551,0.7752,0.347,0.9476,0.6523,0.909,0.071,0.337,959
1033,0.738,0.8212,0.2344,0.9329,0.7668,0.7271,0.6379,0.8921,0.2958,960
1034,0.0828,0.0016,0.3451,0.9226,0.2683,0.0007,0.7692,0.0308,0.067,961
1035,0.6032,0.6364,0.0301,0.5024,0.5908,0.9369,0.3686,0.7484,0.8957,962
1036,0.2453,0.0511,0.9615,0.3279,0.7214,0.1645,0.96,0.7588,0.6918,963
1037,0.3893,0.2576,0.6679,0.7371,0.9413,0.2336,0.8205,0.9531,0.1216,964
1038,0.2887,0.0595,0.9332,0.0367,0.8816,0.2635,0.8539,0.0541,0.065,965
1039,0.3557,0.6038,0.2655,0.4748,0.5152,0.0378,0.1722,0.5969,0.9749,966
1040,0.719,0.6866,0.6115,0.3363,0.7747,0.1231,0.271,0.4278,0.6812,967
1041,0.2971,0.1145,0.6785,0.9205,0.5621,0.9863,0.2856,0.3306,0.4175,968
1042,0.5664,0.3838,0.3175,0.012,0.5527,0.3152,0.2709,0.0903,0.7017,969
1043,0.4761,0.4562,0.8481,0.5528,0.1147,0.1153,0.8554,0.5627,0.7563,970
1044,0.6637,0.3691,0.9472,0.7407,0.1261,0.107,0.0319,0.479,0.78,971
1045,0.9368,0.121,0.8849,0.485,0.5295,0.7195,0.0761,0.1046,0.4779,972
1046,0.7326,0.4189,0.7391,0.0854,0.2689,0.8546,0.2739,0.6125,0.4299,973
1047,0.2149,0.7512,0.2775,0.9725,0.021,0.257,0.1999,0.738,0.011,974
1048,0.0312,0.071,0.2816,0.518,0.7228,0.0209,0.2319,0.7673,0.9266,975
1049,0.2623,0.0802,0.9634,0.6142,0.0325,0.2231,0.7979,0.9054,0.6033,976
1051,0.5951,0.3548,0.0103,0.2366,0.5953,0.0565,0.5631,0.4095,0.2032,977
1052,0.0514,0.9417,0.716,0.4835,0.5392,0.1034,0.0058,0.9531,0.9196,978
1053,0.4964,0.6686,0.7062,0.4291,0.9688,0.4315,0.4293,0.8654,0.9149,979
1054,0.5968,0.6787,0.6227,0.0749,0.4842,0.2299,0.4079,0.2965,0.9892,980
1055,0.3342,0.3619,0.9901,0.1062,0.0636,0.5159,0.1139,0.1593,0.8741,981
1056,0.7709,0.5937,0.3119,0.8375,0.5517,0.2535,0.6761,0.4354,0.9978,982
1057,0.1066,0.0101,0.34,0.2398,0.8411,0.9405,0.7021,0.4019,0.2447,983
1058,0.0751,0.6361,0.0789,0.195,0.9968,0.9059,0.7209,0.5757,0.8422,984
1059,0.7282,0.9133,0.4428,0.5049,0.4303,0.5668,0.7285,0.5834,0.823,985
1060,0.4955,0.6126,0.261,0.7687,0.3203,0.3544,0.0001,0.75,0.2309,986
1061,0.6884,0.8737,0.3434,0.0619,0.9067,0.3811,0.9539,0.5099,0.0984,987
1062,0.4348,0.724,0.8346,0.5768,0.1912,0.4119,0.8142,0.1048,0.9794,988
1063,0.2464,0.1206,0.9355,0.1192,0.6154,0.7276,0.904,0.8583,0.296,989
1064,0.8191,0.9025,0.1857,0.0365,0.4057,0.4516,0.0156,0.3098,0.8709,990
1065,0.7994,0.0664,0.3725,0.0527,0.0411,0.8567,0.9339,0.9713,0.0041,991
1066,0.6947,0.534,0.9286,0.8342,0.3473,0.9441,0.8098,0.1179,0.021,992
1067,0.2721,0.1421,0.0618,0.118,0.2652,0.3359,0.8372,0.9583,0.4659,993
1068,0.5902,0.0117,0.0924,0.0452,0.6861,0.5607,0.0933,0.091,0.2387,994
1069,0.361,0.422,0.1628,0.4379,0.9488,0.0951,0.7388,0.231,0.6898,995
1070,0.0916,0.295,0.5952,0.844,0.268,0.2005,0.9599,0.0466,0.5656,996
1071,0.9173,0.486,0.1505,0.2624,0.8115,0.4135,0.6785,0.7051,0.0775,997
1072,0.1368,0.5772,0.9681,0.4217,0.0554,0.2062,0.5706,0.8503,0.1626,998
1073,0.9502,0.0437,0.4467,0.0399,0.5381,0.8766,0.9456,0.4341,0.388,999
1074,0.446,0.123,0.5015,0.4491,0.0706,0.1583,0.4429,0.9285,0.1856,1000
1075,0.1851,0.5586,0.2467,0.5776,0.934,0.4557,0.5993,0.5903,0.7922,1001
1076,0.5419,0.3432,0.471,0.5709,0.7664,0.6057,0.4763,0.63,0.4161,1002
1077,0.8729,0.7292,0.6619,0.3324,0.6579,0.6919,0.9328,0.8454,0.0934,1003
1078,0.7322,0.6523,0.7512,0.3155,0.8239,0.3831,0.0761,0.2968,0.4843,1004
1079,0.8066,0.8456,0.7539,0.1066,0.6475,0.8691,0.5011,0.3543,0.0908,1005
1080,0.6588,0.6925,0.5779,0.3668,0.9689,0.5683,0.687,0.906,0.1289,1006
1081,0.6923,0.4299,0.9044,0.0995,0.714,0.4395,0.7919,0.901,0.2396,1007
1082,0.8492,0.673,0.8174,0.7666,0.9247,0.0672,0.583,0.9765,0.8595,1008
1083,0.2497,0.2754,0.757,0.9663,0.5171,0.4647,0.9089,0.9018,0.9246,1009
1084,0.4894,0.3063,0.0556,0.9701,0.1171,0.8207,0.942,0.1274,0.8263,1010
1085,0.2212,0.789,0.0069,0.8651,0.5282,0.6145,0.0643,0.8237,0.3341,1011
1086,0.9877,0.4464,0.2124,0.6008,0.1269,0.8322,0.4024,0.4098,0.2724,1012
1087,0.9441,0.7984,0.6635,0.7009,0.5925,0.494,0.0235,0.9908,0.5492,1013
1088,0.0394,0.8224,0.4112,0.2852,0.4825,0.1185,0.3294,0.4723,0.7219,1014
1089,0.7056,0.8576,0.4024,0.6308,0.6226,0.0136,0.5369,0.5538,0.9934,1015
1090,0.9252,0.9166,0.8846,0.4556,0.01,0.3032,0.9108,0.5298,0.1316,1016
1091,0.1806,0.431,0.8956,0.482,0.1948,0.698,0.8466,0.3217,0.0493,1017
1092,0.5679,0.3189,0.9092,0.7578,0.4913,0.7903,0.1275,0.075,0.6944,1018
1093,0.9155,0.5822,0.3139,0.2819,0.9505,0.2958,0.093,0.8957,0.8322,1019
1094,0.0339,0.3712,0.6911,0.318,0.3836,0.4957,0.5893,0.8027,0.8463,1020
1095,0.6974,0.6011,0.2716,0.9246,0.4244,0.4211,0.5321,0.1395,0.6785,1021
1096,0.2973,0.7056,0.1906,0.0562,0.7147,0.4105,0.2664,0.7768,0.954,1022
1097,0.9244,0.6884,0.1846,0.4856,0.6038,0.2313,0.8995,0.6258,0.511,1023
1099,0.9711,0.3746,0.3421,0.9128,0.2989,0.1364,0.9274,0.4091,0.9138,1024
1100,0.9443,0.1669,0.43,0.6104,0.4108,0.1967,0.4026,0.254,0.9678,1025
1101,0.4742,0.4305,0.8309,0.5464,0.2177,0.0553,0.8903,0.8597,0.8472,1026
1102,0.862,0.1426,0.1199,0.2497,0.966,0.1981,0.3839,0.7002,0.3098,1027
1103,0.8445,0.8901,0.7349,0.3433,0.1306,0.0092,0.7368,0.5477,0.1962,1028
1104,0.3191,0.3459,0.5315,0.852,0.3718,0.6273,0.4759,0.6096,0.5481,1029
1105,0.8289,0.1545,0.2879,0.5592,0.0258,0.3164,0.1226,0.0911,0.453,1030
1106,0.037,0.0254,0.4928,0.5147,0.2218,0.9731,0.9279,0.4739,0.8778,1031
1107,0.5963,0.6458,0.2999,0.0996,0.7805,0.1937,0.4541,0.1937,0.1,1032
1108,0.23,0.6369,0.5961,0.016,0.2012,0.3458,0.7345,0.2084,0.2577,1033
1109,0.1206,0.3406,0.4338,0.9637,0.0801,0.3578,0.3672,0.6613,0.7518,1034
1110,0.077,0.0717,0.1644,0.377,0.4745,0.0085,0.0189,0.9113,0.095,1035
1111,0.6963,0.4096,0.1166,0.6032,0.01,0.8392,0.1005,0.4038,0.3208,1036
1112,0.3399,0.3112,0.5467,0.0797,0.0848,0.032,0.4962,0.2077,0.3872,1037
1113,0.7248,0.6771,0.9024,0.6831,0.8076,0.9402,0.69,0.6487,0.6226,1038
1114,0.0654,0.6058,0.344,0.9326,0.7715,0.8921,0.3347,0.8712,0.1581,1039
1115,0.3153,0.3646,0.733,0.5757,0.9151,0.5355,0.6955,0.7483,0.8606,1040
1116,0.5395,0.2179,0.6587,0.1261,0.8545,0.5436,0.6986,0.8688,0.4475,1041
1117,0.7907,0.988,0.9316,0.5817,0.6832,0.6538,0.7039,0.5366,0.917,1042
1118,0.3188,0.454,0.821,0.7663,0.0523,0.3871,0.4925,0.7519,0.4679,1043
1119,0.6259,0.6883,0.5666,0.4064,0.7828,0.6472,0.9149,0.1401,0.275,1044
1120,0.886,0.1406,0.657,0.8798,0.8455,0.0448,0.4892,0.3483,0.1418,1045
1121,0.6159,0.4856,0.8984,0.6487,0.7991,0.054,0.4503,0.3895,0.0037,1046
1122,0.233,0.0275,0.3995,0.8992,0.5085,0.4572,0.1994,0.5113,0.5322,1047
1123,0.0244,0.5055,0.3268,0.6235,0.2329,0.5496,0.3077,0.9291,0.1072,1048
1124,0.8701,0.964,0.0108,0.1313,0.8453,0.8878,0.0423,0.8743,0.3917,1049
1125,0.0213,0.3842,0.8266,0.3097,0.7272,0.1047,0.6335,0.1345,0.5893,1050
1126,0.8747,0.039,0.801,0.2018,0.9808,0.8226,0.2485,0.1728,0.2757,1051
1127,0.5289,0.031,0.1045,0.9088,0.1557,0.21,0.3042,0.3576,0.1752,1052
1128,0.9391,0.388,0.5769,0.7604,0.2257,0.3941,0.7708,0.2907,0.7747,1053
1129,0.7988,0.16,0.464,0.6764,0.2118,0.3166,0.3272,0.6148,0.9468,1054
1130,0.9979,0.0234,0.1187,0.301,0.7925,0.4002,0.2422,0.9028,0.1004,1055
1131,0.3507,0.7562,0.9806,0.184,0.1869,0.1505,0.1691,0.9623,0.1556,1056
1132,0.7672,0.4585,0.2147,0.7565,0.0667,0.5036,0.7749,0.6536,0.96,1057
1133,0.4019,0.2892,0.0672,0.4742,0.9986,0.8016,0.1297,0.8382,0.0378,1058
1134,0.4799,0.9001,0.5948,0.2258,0.0248,0.4415,0.4538,0.5252,0.9776,1059
1135,0.6275,0.1161,0.7389,0.6166,0.8352,0.4906,0.5069,0.2083,0.0046,1060
1136,0.8737,0.9559,0.0324,0.0403,0.3654,0.8488,0.6874,0.5247,0.8737,1061
1137,0.9841,0.314,0.6587,0.3262,0.8416,0.7061,0.6333,0.5551,0.3073,1062
1138,0.7683,0.8884,0.5323,0.4686,0.5546,0.4905,0.8107,0.7425,0.9386,1063
1139,0.4178,0.6029,0.1033,0.148,0.9016,0.2577,0.0448,0.2199,0.3169,1064
1140,0.4214,0.8267,0.1725,0.9847,0.9262,0.8849,0.2964,0.3683,0.6543,1065
1141,0.7376,0.984,0.568,0.2091,0.0091,0.577,0.2801,0.364,0.08,1066
1142,0.2388,0.2884,0.2964,0.1304,0.0754,0.2211,0.146,0.9594,0.2423,1067
1143,0.1105,0.9611,0.9383,0.2035,0.2504,0.2691,0.2892,0.4439,0.7737,1068
1144,0.3546,0.3895,0.8187,0.7691,0.6693,0.8031,0.3098,0.7551,0.5287,1069
1145,0.2872,0.3855,0.9836,0.4255,0.8883,0.0441,0.5219,0.7508,0.928,1070
1146,0.2963,0.3404,0.2597,0.5654,0.4599,0.9921,0.6637,0.2655,0.4288,1071
1147,0.2336,0.5414,0.9697,0.021,0.607,0.1304,0.3811,0.5719,0.8698,1072
1148,0.0421,0.1541,0.4312,0.0344,0.1885,0.7961,0.7195,0.8943,0.449,1073
1149,0.0179,0.5537,0.3475,0.4458,0.805,0.3948,0.3362,0.4752,0.9792,1074
1150,0.9877,0.5417,0.0503,0.8167,0.9673,0.4922,0.2903,0.9451,0.9598,1075
1151,0.4278,0.7619,0.0528,0.8852,0.2686,0.8807,0.5412,0.2145,0.3291,1076
1152,0.3843,0.8336,0.692,0.0867,0.4948,0.4129,0.0237,0.0742,0.8859,1077
1153,0.6796,0.4404,0.4579,0.5384,0.0861,0.5375,0.0798,0.8915,0.8476,1078
1154,0.2183,0.3023,0.2265,0.9132,0.5591,0.0493,0.418,0.8477,0.2107,1079
1155,0.95,0.2593,0.614,0.388,0.5028,0.0023,0.9429,0.9926,0.6243,1080
1157,0.7863,0.1946,0.2529,0.8296,0.1444,0.2448,0.7215,0.6794,0.0727,1081
1158,0.0894,0.0576,0.5776,0.1337,0.4421,0.6806,0.0881,0.9367,0.8367,1082
1160,0.4176,0.3424,0.3592,0.9354,0.3341,0.1213,0.8463,0.8269,0.1745,1083
1171,0.8791,0.2702,0.8236,0.7514,0.5218,0.1138,0.7323,0.8444,0.0708,1084
1177,0.9447,0.9664,0.8207,0.9413,0.5857,0.411,0.6109,0.5691,0.4002,1085
1178,0.4674,0.5577,0.4774,0.6766,0.0085,0.6478,0.8203,0.3824,0.5769,1086
1179,0.6134,0.3473,0.3508,0.3634,0.761,0.7121,0.4041,0.9346,0.8549,1087
1180,0.167,0.5805,0.3626,0.9382,0.713,0.1785,0.2215,0.4321,0.9742,1088
1181,0.9912,0.1392,0.8057,0.2756,0.3663,0.0796,0.512,0.5388,0.4395,1089
1182,0.2317,0.444,0.3282,0.3322,0.0529,0.9404,0.5488,0.4461,0.0604,1090
1183,0.9427,0.6262,0.2091,0.7008,0.7549,0.2607,0.5383,0.5648,0.7491,1091
1184,0.6496,0.4889,0.0847,0.7653,0.9552,0.8533,0.5651,0.4705,0.5652,1092
1185,0.6077,0.4018,0.4667,0.9294,0.2402,0.8635,0.9487,0.048,0.4479,1093
1186,0.5127,0.9938,0.4821,0.2048,0.3235,0.7725,0.9022,0.882,0.3093,1094
1187,0.2307,0.8803,0.8409,0.798,0.1838,0.1688,0.8757,0.4444,0.5024,1095
1188,0.1765,0.6234,0.2212,0.7385,0.5769,0.8218,0.8014,0.5889,0.3387,1096
1189,0.2205,0.5694,0.381,0.0638,0.1548,0.7693,0.9434,0.1392,0.757,1097
1190,0.1864,0.6207,0.8084,0.3872,0.3562,0.5967,0.0985,0.0034,0.5439,1098
1191,0.7796,0.2013,0.8236,0.2828,0.697,0.3372,0.2651,0.2453,0.8768,1099
1192,0.3501,0.3951,0.3846,0.3045,0.5601,0.2625,0.4951,0.7046,0.5435,1100
1193,0.0578,0.0395,0.4591,0.9829,0.3865,0.1219,0.8465,0.0992,0.2383,1101
1194,0.9691,0.4755,0.3033,0.6428,0.4202,0.5098,0.5052,0.9089,0.8511,1102
1196,0.8838,0.543,0.9326,0.7177,0.5621,0.5853,0.748,0.215,0.5572,1103
1197,0.9278,0.2277,0.1186,0.9766,0.0059,0.3593,0.139,0.2046,0.2068,1104
1198,0.9949,0.964,0.9337,0.3772,0.0785,0.4754,0.2524,0.1815,0.6235,1105
1199,0.1739,0.9095,0.6839,0.8018,0.8813,0.3635,0.7318,0.014,0.3577,1106
1200,0.3962,0.7221,0.5316,0.4345,0.0779,0.641,0.1647,0.7718,0.8444,1107
1201,0.7582,0.5334,0.0327,0.8695,0.7068,0.9013,0.3514,0.875,0.4533,1108
1202,0.696,0.87,0.4756,0.1807,0.92,0.1639,0.2649,0.6142,0.7264,1109
1203,0.1539,0.1307,0.4077,0.9477,0.2707,0.3814,0.3499,0.1882,0.0955,1110
1204,0.8158,0.7905,0.1612,0.2188,0.3705,0.1409,0.7083,0.2853,0.396,1111
1205,0.2244,0.1248,0.6564,0.3262,0.5689,0.6249,0.3678,0.4759,0.9832,1112
1206,0.2238,0.7942,0.9712,0.7562,0.8817,0.7289,0.5553,0.9543,0.8085,1113
1207,0.537,0.2758,0.5622,0.3938,0.9419,0.9319,0.0999,0.2474,0.1599,1114
1208,0.5929,0.8771,0.7148,0.6082,0.7396,0.2789,0.805,0.7316,0.2778,1115
1209,0.5801,0.944,0.0685,0.4446,0.0866,0.9502,0.3699,0.4394,0.3298,1116
1210,0.0915,0.1488,0.4177,0.7424,0.6692,0.0633,0.6485,0.2978,0.6504,1117
1211,0.8775,0.4627,0.1164,0.2283,0.4103,0.603,0.7254,0.4559,0.757,1118
1212,0.2656,0.981,0.6128,0.0585,0.4707,0.0571,0.2097,0.0712,0.7495,1119
1213,0.1295,0.4834,0.9385,0.2999,0.0491,0.8938,0.8847,0.7987,0.5099,1120
1214,0.8887,0.8635,0.6618,0.4743,0.1911,0.5298,0.6162,0.2433,0.8108,1121
1215,0.9557,0.5887,0.0768,0.168,0.7905,0.6693,0.4287,0.7254,0.4371,1122
1216,0.8621,0.3753,0.3547,0.3548,0.454,0.8316,0.1823,0.0683,0.1239,1123
1217,0.8095,0.2858,0.5507,0.4,0.3017,0.1503,0.9423,0.9551,0.5644,1124
1219,0.6552,0.2032,0.4032,0.0574,0.384,0.0386,0.7551,0.193,0.9523,1125
1220,0.5509,0.7618,0.8336,0.5833,0.8544,0.8789,0.208,0.8827,0.793,1126
1221,0.087,0.3865,0.8147,0.8843,0.749,0.3149,0.3377,0.8095,0.5787,1127
1222,0.4085,0.5113,0.6118,0.1517,0.2723,0.129,0.8097,0.9679,0.6468,1128
1223,0.3727,0.4923,0.3735,0.5978,0.1175,0.4685,0.6957,0.4779,0.9306,1129
1224,0.2598,0.5773,0.2553,0.6647,0.252,0.5983,0.7658,0.7274,0.4283,1130
1225,0.7234,0.8656,0.1059,0.4193,0.9208,0.031,0.4412,0.3707,0.3314,1131
1226,0.4959,0.9807,0.3549,0.7011,0.5816,0.2749,0.7165,0.1844,0.9772,1132
1227,0.081,0.4076,0.4132,0.4107,0.5335,0.0328,0.3865,0.4431,0.8634,1133
1228,0.2202,0.8275,0.6758,0.5046,0.5964,0.4203,0.2113,0.1657,0.323,1134
1229,0.6833,0.7645,0.6582,0.0074,0.366,0.8951,0.6327,0.982,0.4638,1135
1230,0.0761,0.5735,0.0701,0.6917,0.8071,0.9827,0.976,0.0962,0.4151,1136
1231,0.8512,0.956,0.3953,0.6613,0.5233,0.637,0.3106,0.5892,0.1491,1137
1232,0.4951,0.2005,0.1818,0.0384,0.1167,0.1616,0.461,0.6265,0.9578,1138
1233,0.4806,0.1093,0.1568,0.3683,0.1291,0.9058,0.674,0.5381,0.4043,1139
1234,0.5924,0.854,0.8273,0.979,0.5369,0.5162,0.5415,0.6622,0.8753,1140
1235,0.8247,0.4391,0.0419,0.4207,0.9366,0.1537,0.8434,0.1162,0.1894,1141
1236,0.3478,0.847,0.4192,0.5019,0.3084,0.9217,0.7617,0.555,0.5479,1142
1237,0.678,0.8931,0.1682,0.9099,0.8695,0.7575,0.0583,0.2872,0.024,1143
1238,0.5657,0.0625,0.8793,0.7173,0.7641,0.7317,0.9984,0.9402,0.7642,1144
1239,0.267,0.8835,0.557,0.5821,0.2478,0.7092,0.7524,0.7621,0.5809,1145
1240,0.8786,0.4483,0.2314,0.7978,0.0363,0.2003,0.8639,0.9725,0.6256,1146
1241,0.7974,0.5104,0.5024,0.8644,0.1018,0.211,0.6512,0.0376,0.0517,1147
1242,0.6585,0.6266,0.7315,0.4569,0.7285,0.6883,0.8563,0.2851,0.211,1148
1243,0.8506,0.9264,0.9581,0.4751,0.1997,0.2197,0.1124,0.1954,0.0743,1149
1244,0.8673,0.0191,0.2204,0.3861,0.3713,0.4387,0.3477,0.0112,0.2889,1150
1245,0.7084,0.4768,0.8862,0.9667,0.5017,0.782,0.8764,0.2423,0.6274,1151
1246,0.837,0.6877,0.9343,0.6972,0.7255,0.784,0.2017,0.6788,0.5662,1152
1247,0.6975,0.7227,0.9164,0.0832,0.1132,0.4533,0.0782,0.2311,0.6121,1153
1248,0.6801,0.6925,0.6354,0.863,0.4064,0.7922,0.7881,0.509,0.5493,1154
1249,0.6186,0.1344,0.6298,0.4806,0.4851,0.8386,0.8355,0.8878,0.273,1155
1250,0.7527,0.2994,0.4032,0.0688,0.5408,0.6548,0.1627,0.6938,0.2445,1156
1251,0.1586,0.3587,0.7524,0.5497,0.8184,0.2284,0.8543,0.3946,0.1371,1157
1252,0.8809,0.8044,0.5313,0.4172,0.1717,0.274,0.6868,0.3725,0.8491,1158
1253,0.8718,0.2788,0.6774,0.8777,0.8078,0.3148,0.5201,0.4557,0.6165,1159
1254,0.0292,0.2107,0.4285,0.204,0.6929,0.1168,0.8303,0.177,0.1865,1160
1255,0.8258,0.9574,0.7315,0.8265,0.5559,0.2732,0.4192,0.634,0.1772,1161
1256,0.1289,0.0089,0.8245,0.5577,0.6995,0.2095,0.194,0.3642,0.873,1162
1257,0.3351,0.9978,0.1464,0.0546,0.412,0.4553,0.2849,0.8524,0.7427,1163
1258,0.7435,0.6768,0.8329,0.9718,0.1384,0.9084,0.5052,0.7566,0.6594,1164
1259,0.1608,0.8285,0.5403,0.5126,0.6658,0.1045,0.5313,0.6105,0.4069,1165
1260,0.818,0.2946,0.8447,0.2909,0.5247,0.7203,0.8056,0.3642,0.262,1166
1261,0.8321,0.0143,0.4313,0.4694,0.6394,0.6873,0.7914,0.2099,0.9795,1167
1262,0.5075,0.7379,0.379,0.8579,0.338,0.0958,0.5814,0.7762,0.7972,1168
1264,0.0064,0.8341,0.9151,0.3049,0.9069,0.9226,0.7808,0.4864,0.3018,1169
1265,0.287,0.7405,0.2512,0.1927,0.5874,0.5685,0.1918,0.2248,0.8476,1170
1267,0.6169,0.1429,0.8442,0.1291,0.0854,0.3637,0.0501,0.1952,0.7589,1171
1268,0.9812,0.7534,0.484,0.2979,0.4498,0.7565,0.8736,0.1654,0.2971,1172
1269,0.6318,0.7689,0.5141,0.78,0.7564,0.2574,0.0756,0.7772,0.4266,1173
1270,0.2598,0.6585,0.3085,0.4716,0.7941,0.6935,0.2467,0.229,0.186,1174
1271,0.634,0.7661,0.573,0.2275,0.4946,0.0397,0.6953,0.5266,0.1111,1175
1272,0.54,0.8459,0.3252,0.1662,0.8947,0.8394,0.4094,0.4515,0.7228,1176
1273,0.7798,0.6136,0.0393,0.3327,0.2677,0.4482,0.8763,0.5796,0.2675,1177
1274,0.107,0.0886,0.272,0.9399,0.4106,0.6367,0.298,0.8772,0.8201,1178
1275,0.761,0.4876,0.0064,0.343,0.8986,0.2212,0.0119,0.8677,0.9956,1179
1276,0.5413,0.0776,0.9784,0.9881,0.8963,0.6771,0.3007,0.4511,0.0766,1180
1277,0.963,0.4075,0.9657,0.4852,0.6857,0.7722,0.5781,0.0154,0.473,1181
1278,0.3419,0.4071,0.3952,0.1792,0.859,0.4732,0.3759,0.4264,0.8021,1182
1279,0.6326,0.066,0.7284,0.8911,0.0888,0.6177,0.5349,0.6062,0.789,1183
1280,0.932,0.3488,0.3458,0.4604,0.865,0.4563,0.8766,0.5578,0.76,1184
1281,0.1025,0.111,0.6711,0.7097,0.3206,0.8941,0.9125,0.6513,0.349,1185
1282,0.9372,0.8082,0.8054,0.9837,0.1783,0.4979,0.266,0.1541,0.4539,1186
1283,0.6879,0.9477,0.9468,0.0502,0.2394,0.8418,0.4621,0.6465,0.595,1187
1284,0.0678,0.0723,0.4002,0.0967,0.418,0.8014,0.5491,0.1827,0.9739,1188
1285,0.301,0.9551,0.7833,0.7205,0.2512,0.4105,0.9491,0.7505,0.3275,1189
1286,0.7082,0.5226,0.2659,0.2818,0.3206,0.2301,0.9986,0.3391,0.9231,1190
1287,0.0674,0.2996,0.9903,0.1843,0.135,0.4061,0.2354,0.7099,0.2694,1191
1288,0.5822,0.0769,0.0258,0.0394,0.2962,0.8262,0.727,0.0479,0.9891,1192
1289,0.3459,0.5006,0.6035,0.0218,0.5723,0.2276,0.378,0.4079,0.6703,1193
1290,0.6209,0.7945,0.6595,0.7745,0.4419,0.5244,0.0081,0.705,0.4635,1194
1291,0.0457,0.7071,0.688,0.1344,0.3467,0.8061,0.0093,0.2269,0.6134,1195
1292,0.8715,0.0502,0.1204,0.4677,0.7465,0.3535,0.4606,0.7953,0.2725,1196
1293,0.9735,0.0729,0.9385,0.6059,0.8935,0.6422,0.4883,0.6308,0.2742,1197
1294,0.9689,0.4029,0.1812,0.4284,0.7568,0.2456,0.0226,0.5876,0.1136,1198
1295,0.7497,0.2953,0.6228,0.0271,0.332,0.1093,0.6869,0.3535,0.1141,1199
1296,0.1301,0.2324,0.2227,0.7835,0.7444,0.7944,0.294,0.4825,0.3477,1200
1297,0.7583,0.281,0.3072,0.0105,0.152,0.099,0.5599,0.5973,0.7629,1201
1298,0.0246,0.8035,0.5465,0.7619,0.1303,0.2714,0.3009,0.4725,0.608,1202
1299,0.0221,0.9292,0.4172,0.8933,0.3456,0.8551,0.1671,0.6983,0.1026,1203
1300,0.3236,0.4051,0.1602,0.4328,0.8077,0.3465,0.4072,0.4337,0.8522,1204
1301,0.4886,0.9061,0.1709,0.5355,0.2463,0.973,0.2323,0.2023,0.6014,1205
1302,0.7704,0.3215,0.4181,0.477,0.0633,0.9797,0.5348,0.2139,0.9609,1206
1303,0.6833,0.4764,0.7573,0.3892,0.1317,0.2683,0.1988,0.0058,0.6702,1207
1304,0.4459,0.226,0.898,0.8874,0.8587,0.041,0.5084,0.301,0.1752,1208
1305,0.2736,0.6405,0.0841,0.8939,0.6338,0.7051,0.1574,0.7489,0.4738,1209
1306,0.9971,0.979,0.3931,0.3358,0.2532,0.451,0.671,0.7942,0.6485,1210
1308,0.4262,0.6035,0.1002,0.6151,0.5553,0.1008,0.7539,0.2025,0.0283,1211
1309,0.4514,0.3578,0.0166,0.9269,0.5276,0.7075,0.1104,0.959,0.0149,1212
1310,0.1636,0.6478,0.6617,0.9621,0.6554,0.0312,0.4678,0.5024,0.1294,1213
1311,0.7948,0.1229,0.6024,0.509,0.2332,0.8702,0.0709,0.917,0.2517,1214
1312,0.6937,0.8887,0.163,0.4528,0.8644,0.1387,0.5982,0.7068,0.4295,1215
1313,0.2208,0.5031,0.2338,0.2787,0.3094,0.1273,0.2644,0.7224,0.4874,1216
1314,0.0824,0.4493,0.0237,0.9589,0.6941,0.1757,0.5276,0.085,0.138,1217
1316,0.6805,0.5859,0.8349,0.1428,0.0161,0.9603,0.5175,0.22,0.6734,1218
1318,0.6545,0.6248,0.9747,0.5798,0.3727,0.6932,0.9244,0.0088,0.5961,1219
1319,0.2733,0.0718,0.1355,0.2826,0.3517,0.8014,0.5491,0.7161,0.2945,1220
1320,0.9509,0.6826,0.2315,0.279,0.5435,0.3976,0.583,0.3444,0.0137,1221
1321,0.1511,0.2419,0.8684,0.405,0.0727,0.3363,0.4017,0.7867,0.0776,1222
1322,0.4323,0.714,0.9265,0.9988,0.7901,0.2345,0.9491,0.3389,0.3917,1223
1323,0.9436,0.8225,0.4196,0.055,0.2178,0.4806,0.7772,0.8193,0.154,1224
1325,0.4197,0.804,0.0506,0.5785,0.677,0.5518,0.2854,0.1307,0.3768,1225
1326,0.6385,0.5525,0.0394,0.0826,0.8032,0.6318,0.8442,0.1734,0.6282,1226
1328,0.3976,0.5202,0.5739,0.1545,0.5619,0.2571,0.4324,0.3409,0.5472,1227
1339,0.2742,0.1429,0.3929,0.4396,0.7409,0.9487,0.8287,0.4085,0.2312,1228
1342,0.984,0.7753,0.0287,0.5105,0.6619,0.1698,0.8229,0.3487,0.3438,1229
1343,0.4093,0.2714,0.5833,0.2588,0.3555,0.9657,0.1889,0.7636,0.614,1230
1345,0.8941,0.4967,0.0113,0.3165,0.8089,0.0149,0.7011,0.097,0.8609,1231
1346,0.23,0.2843,0.7874,0.087,0.2947,0.4811,0.2906,0.3512,0.7532,1232
1347,0.2131,0.1338,0.3064,0.3032,0.5712,0.3334,0.2975,0.8372,0.5534,1233
1348,0.0311,0.6296,0.0403,0.9666,0.7454,0.4491,0.2963,0.0668,0.3623,1234
1349,0.6517,0.0543,0.5884,0.9447,0.379,0.5707,0.7256,0.9423,0.3651,1235
1350,0.3685,0.7486,0.3977,0.3349,0.3028,0.4356,0.2298,0.9863,0.8794,1236
1351,0.8644,0.3176,0.9738,0.5709,0.4593,0.4148,0.0009,0.0886,0.0392,1237
1352,0.4732,0.0001,0.5442,0.9096,0.818,0.7327,0.7152,0.2913,0.988,1238
1353,0.9682,0.5111,0.2752,0.0062,0.9299,0.6859,0.1712,0.3724,0.6644,1239
1354,0.1855,0.0469,0.7094,0.8107,0.5451,0.8333,0.1045,0.7764,0.6811,1240
1355,0.8686,0.2762,0.2715,0.9484,0.6615,0.25,0.2375,0.5959,0.038,1241
1356,0.7766,0.707,0.9042,0.0913,0.9033,0.6095,0.3799,0.6444,0.6055,1242
1357,0.7709,0.0627,0.3747,0.1614,0.0985,0.5852,0.4759,0.7575,0.4848,1243
1358,0.8448,0.8393,0.5499,0.9607,0.2321,0.3697,0.0446,0.118,0.1058,1244
1359,0.761,0.0038,0.0506,0.5375,0.7089,0.4861,0.9706,0.8332,0.2779,1245
1360,0.6262,0.2468,0.4261,0.0142,0.8237,0.3138,0.7161,0.7056,0.8903,1246
1361,0.1312,0.7409,0.8324,0.2576,0.857,0.1418,0.3232,0.5773,0.55,1247
1362,0.0325,0.3163,0.8056,0.4499,0.4151,0.2138,0.3187,0.8897,0.4134,1248
1364,0.9208,0.1019,0.2243,0.6929,0.0893,0.1055,0.4485,0.7003,0.0727,1249
1365,0.6167,0.3602,0.2261,0.7332,0.4378,0.6831,0.6262,0.2017,0.7141,1250
1366,0.7965,0.2704,0.8173,0.9954,0.2307,0.6607,0.1464,0.4297,0.7029,1251
1367,0.4815,0.8427,0.9304,0.2875,0.2912,0.9506,0.1889,0.494,0.614,1252
1368,0.1173,0.3133,0.0954,0.5382,0.7723,0.7297,0.8594,0.0552,0.5103,1253
1369,0.1252,0.7889,0.4501,0.5333,0.0755,0.052,0.2563,0.9546,0.4338,1254
1370,0.6856,0.8919,0.3375,0.4056,0.8276,0.8842,0.3802,0.1286,0.5933,1255
1371,0.4303,0.4338,0.8707,0.1692,0.4277,0.8627,0.8713,0.6975,0.2334,1256
1372,0.2005,0.9099,0.0835,0.9775,0.5961,0.4433,0.6631,0.5062,0.9413,1257
1373,0.4916,0.3773,0.2111,0.8533,0.0897,0.5859,0.3417,0.0256,0.5888,1258
1374,0.0642,0.9641,0.7525,0.4983,0.3374,0.9761,0.6837,0.9247,0.3112,1259
1375,0.582,0.0893,0.0513,0.6032,0.0897,0.5323,0.0197,0.8518,0.4497,1260
1376,0.269,0.687,0.4925,0.2273,0.9615,0.9053,0.7356,0.5243,0.8057,1261
1377,0.7976,0.4938,0.4421,0.5438,0.8073,0.083,0.487,0.2289,0.1616,1262
1378,0.3104,0.3876,0.3344,0.695,0.4596,0.1911,0.8132,0.1216,0.2928,1263
1379,0.4552,0.6327,0.3946,0.5152,0.2236,0.4408,0.9546,0.3634,0.6795,1264
1380,0.0116,0.7039,0.5299,0.9903,0.9335,0.5848,0.9258,0.2554,0.3155,1265
1381,0.0724,0.0044,0.1614,0.6113,0.3446,0.8162,0.9093,0.5067,0.7925,1266
1382,0.3925,0.167,0.572,0.371,0.161,0.9883,0.5122,0.9664,0.1305,1267
1383,0.4799,0.713,0.8054,0.7722,0.5632,0.3889,0.3601,0.575,0.7627,1268
1384,0.6,0.6664,0.7602,0.1705,0.9438,0.0474,0.465,0.8899,0.0684,1269
1385,0.2917,0.966,0.1539,0.3845,0.0038,0.8012,0.6899,0.6509,0.0126,1270
1387,0.695,0.761,0.1492,0.347,0.2381,0.6044,0.884,0.4752,0.8982,1271
1388,0.8601,0.9508,0.2682,0.4318,0.9384,0.1985,0.207,0.8546,0.5813,1272
1389,0.7799,0.7025,0.3611,0.7818,0.1711,0.4948,0.9182,0.4714,0.3518,1273
1390,0.0396,0.2981,0.4085,0.4842,0.1132,0.7423,0.8152,0.8686,0.2326,1274
1391,0.4805,0.1054,0.6797,0.794,0.5702,0.7704,0.9789,0.2916,0.6169,1275
1393,0.1049,0.7818,0.0567,0.5765,0.8618,0.4996,0.8803,0.1288,0.509,1276
1394,0.242,0.6441,0.0347,0.3421,0.4771,0.3052,0.2799,0.8553,0.9916,1277
1395,0.9867,0.0482,0.3919,0.81,0.9946,0.9737,0.106,0.5874,0.9832,1278
1396,0.1425,0.3601,0.6972,0.2383,0.6792,0.6634,0.1122,0.8891,0.635,1279
1397,0.4989,0.9568,0.1934,0.2244,0.0741,0.4082,0.2912,0.9378,0.4429,1280
1398,0.6182,0.5004,0.6415,0.5045,0.9928,0.2805,0.6142,0.0536,0.4911,1281
1399,0.7025,0.4327,0.2598,0.2608,0.4079,0.7311,0.8043,0.501,0.6825,1282
1400,0.5596,0.4577,0.8861,0.0091,0.2874,0.2422,0.8993,0.375,0.1016,1283
1401,0.0098,0.2089,0.8957,0.6483,0.5579,0.1717,0.6238,0.6259,0.3284,1284
1402,0.3265,0.3687,0.2973,0.5111,0.3043,0.5298,0.0056,0.7936,0.0753,1285
1403,0.5177,0.3698,0.23,0.4455,0.0865,0.29,0.1863,0.2806,0.0734,1286
1404,0.0879,0.0524,0.4113,0.967,0.0014,0.6289,0.0997,0.5568,0.1958,1287
1405,0.3506,0.7676,0.2405,0.5712,0.4496,0.1179,0.3633,0.7087,0.4853,1288
1406,0.0332,0.4165,0.6724,0.8634,0.8369,0.6549,0.5014,0.1344,0.7848,1289
1407,0.0786,0.8222,0.8261,0.1395,0.5723,0.2833,0.0434,0.8141,0.4855,1290
1408,0.3969,0.8503,0.6731,0.5692,0.9992,0.0002,0.3485,0.6061,0.3355,1291
1409,0.1327,0.212,0.8244,0.868,0.2868,0.1269,0.1792,0.9495,0.0824,1292
1410,0.5675,0.6574,0.397,0.5831,0.2805,0.9336,0.6471,0.3395,0.5503,1293
1411,0.6895,0.4723,0.1563,0.718,0.1597,0.8674,0.4643,0.1081,0.2713,1294
1412,0.8006,0.8802,0.738,0.372,0.1641,0.2336,0.4953,0.5065,0.6149,1295
1413,0.2002,0.2157,0.3605,0.0924,0.2852,0.7784,0.4277,0.0858,0.9772,1296
1414,0.1675,0.6778,0.6713,0.4579,0.7928,0.6086,0.956,0.9695,0.1113,1297
1415,0.1046,0.6078,0.2706,0.3945,0.9058,0.9709,0.2147,0.0387,0.2121,1298
1416,0.6364,0.2953,0.0812,0.8671,0.9751,0.3736,0.5167,0.7535,0.4731,1299
1417,0.7065,0.1366,0.9926,0.244,0.2323,0.6815,0.736,0.5251,0.9686,1300
1418,0.0316,0.6516,0.1562,0.9667,0.8813,0.0635,0.5568,0.3686,0.7718,1301
1421,0.9362,0.7386,0.9884,0.9581,0.3283,0.3962,0.929,0.0658,0.8982,1302
1422,0.052,0.3156,0.9773,0.2476,0.1128,0.9638,0.378,0.6222,0.3337,1303
1423,0.5413,0.6448,0.7938,0.3481,0.87,0.539,0.4637,0.5852,0.992,1304
1425,0.7091,0.3951,0.6594,0.8956,0.6361,0.2879,0.0885,0.2809,0.1028,1305
1426,0.871,0.7132,0.5778,0.9666,0.1647,0.1203,0.609,0.9102,0.053,1306
1427,0.7141,0.1992,0.8661,0.4434,0.4298,0.7035,0.2882,0.3041,0.8556,1307
1428,0.8017,0.8902,0.2894,0.321,0.2873,0.6449,0.1603,0.4497,0.9273,1308
1429,0.3395,0.2874,0.4677,0.5261,0.7368,0.3739,0.5445,0.5438,0.0906,1309
1430,0.8148,0.3678,0.6194,0.6878,0.4534,0.9509,0.5323,0.1002,0.1134,1310
1432,0.0801,0.0581,0.4112,0.2735,0.9893,0.0222,0.0759,0.9322,0.0332,1311
1432,0.8948,0.1115,0.4275,0.7365,0.0547,0.3037,0.6982,0.3745,0.1045,1312
1435,0.5476,0.5159,0.3303,0.0517,0.355,0.9211,0.6238,0.0808,0.2094,1313
1436,0.8173,0.2676,0.5642,0.0493,0.4819,0.3209,0.189,0.3873,0.9701,1314
1437,0.4523,0.8355,0.8506,0.3863,0.5031,0.2523,0.4694,0.6002,0.6679,1315
1438,0.6436,0.0147,0.2015,0.3535,0.3159,0.5342,0.7203,0.5137,0.7786,1316
1440,0.5264,0.3791,0.9344,0.3156,0.7292,0.8238,0.5294,0.6945,0.7761,1317
1441,0.7316,0.3373,0.6891,0.491,0.8747,0.1031,0.3955,0.0555,0.5351,1318
1442,0.0816,0.0193,0.8233,0.3207,0.9387,0.943,0.3223,0.2845,0.7975,1319
1443,0.0604,0.1244,0.5562,0.1923,0.8051,0.7951,0.6104,0.8192,0.5958,1320
1444,0.2471,0.4136,0.7795,0.3095,0.8506,0.1813,0.9391,0.0799,0.3145,1321
1445,0.1595,0.4929,0.0162,0.9749,0.5505,0.712,0.6717,0.8555,0.5611,1322
1446,0.8718,0.4043,0.8184,0.4111,0.8259,0.385,0.0747,0.0919,0.5335,1323
1447,0.2192,0.5309,0.0401,0.4447,0.3035,0.4023,0.4607,0.8345,0.8235,1324
1448,0.9759,0.5951,0.8899,0.5765,0.3985,0.7833,0.8908,0.3608,0.9817,1325
1449,0.3369,0.0099,0.992,0.9833,0.3169,0.9628,0.0945,0.6122,0.411,1326
1450,0.1821,0.4641,0.2941,0.2416,0.4674,0.1267,0.9889,0.1529,0.7634,1327
1451,0.7897,0.9635,0.2103,0.6813,0.2856,0.4206,0.9491,0.0662,0.0998,1328
1452,0.6587,0.519,0.7654,0.716,0.9616,0.4809,0.0783,0.2159,0.7768,1329
1453,0.4982,0.6775,0.253,0.6073,0.3128,0.3763,0.9334,0.1279,0.3714,1330
1454,0.5554,0.3119,0.8656,0.0886,0.098,0.3632,0.3631,0.3124,0.0394,1331
1455,0.7192,0.774,0.1028,0.6769,0.5268,0.0523,0.8447,0.5144,0.3632,1332
1456,0.2285,0.7729,0.126,0.0641,0.0571,0.6855,0.4184,0.5888,0.6106,1333
1457,0.9963,0.5213,0.9792,0.5961,0.1105,0.4362,0.4409,0.7899,0.1193,1334
1458,0.9748,0.976,0.6738,0.7396,0.2194,0.1948,0.6342,0.6562,0.924,1335
1459,0.6503,0.1256,0.8469,0.211,0.4644,0.816,0.7745,0.6088,0.0777,1336
1460,0.1995,0.0169,0.3243,0.8416,0.4333,0.8026,0.0338,0.4118,0.93,1337
1461,0.6802,0.7702,0.6765,0.0304,0.7997,0.4864,0.5932,0.4738,0.7071,1338
1462,0.0722,0.8072,0.5942,0.8438,0.7395,0.2985,0.1867,0.4145,0.3297,1339
1463,0.0307,0.1202,0.6032,0.4603,0.4263,0.6381,0.3459,0.8422,0.3908,1340
1464,0.2577,0.2656,0.6825,0.2176,0.3337,0.2882,0.348,0.23,0.7408,1341
1465,0.4626,0.0176,0.5754,0.1338,0.3165,0.236,0.4691,0.0057,0.6015,1342
1466,0.8683,0.2933,0.4291,0.9533,0.774,0.7305,0.3341,0.6513,0.6716,1343
1467,0.7272,0.7731,0.2759,0.0727,0.0521,0.0403,0.1074,0.2025,0.3892,1344
1468,0.7427,0.518,0.7686,0.1991,0.0128,0.0948,0.1456,0.8901,0.4878,1345
1469,0.4255,0.3481,0.2263,0.3478,0.7955,0.0068,0.0334,0.859,0.9899,1346
1470,0.3459,0.3717,0.6924,0.6202,0.4771,0.1529,0.4702,0.0767,0.2139,1347
1471,0.371,0.0014,0.2333,0.5448,0.1309,0.069,0.9544,0.1064,0.4179,1348
1472,0.9876,0.2998,0.6253,0.1256,0.2356,0.9958,0.1157,0.4952,0.2918,1349
1473,0.0401,0.6465,0.7471,0.2897,0.9325,0.2888,0.9463,0.6092,0.7651,1350
1474,0.867,0.9742,0.2187,0.2388,0.8595,0.1493,0.7334,0.2749,0.764,1351
1476,0.5787,0.8471,0.0599,0.2135,0.7098,0.241,0.6375,0.7168,0.2924,1352
1477,0.4386,0.0236,0.131,0.4111,0.4822,0.9361,0.6453,0.5949,0.0814,1353
1478,0.7253,0.8986,0.606,0.704,0.5203,0.5202,0.8267,0.3248,0.0114,1354
1479,0.4867,0.7832,0.8494,0.2175,0.9752,0.3648,0.1069,0.0254,0.4275,1355
1480,0.8734,0.7804,0.045,0.3667,0.9658,0.8734,0.5048,0.7502,0.4103,1356
1481,0.9007,0.458,0.7342,0.3909,0.2153,0.395,0.6971,0.2148,0.9884,1357
1482,0.4217,0.398,0.3413,0.9765,0.8111,0.335,0.5868,0.8345,0.4698,1358
1484,0.2768,0.3029,0.4785,0.9547,0.1972,0.2073,0.8328,0.4203,0.2564,1359
1487,0.5924,0.0657,0.9289,0.8001,0.2135,0.3778,0.0723,0.5771,0.8912,1360
1488,0.9124,0.2282,0.332,0.2417,0.6761,0.3167,0.6907,0.8729,0.4911,1361
1490,0.2107,0.2466,0.4653,0.068,0.405,0.6773,0.534,0.8636,0.5992,1362
1491,0.623,0.4841,0.0137,0.3169,0.9315,0.2896,0.3792,0.3715,0.0957,1363
1494,0.6316,0.7474,0.0816,0.2668,0.089,0.5772,0.3403,0.2089,0.3829,1364
1496,0.7331,0.4738,0.2586,0.5059,0.5115,0.0659,0.6208,0.7751,0.9442,1365
1507,0.1316,0.0578,0.0279,0.7777,0.9185,0.1913,0.891,0.4331,0.5895,1366
1510,0.7158,0.9578,0.6314,0.8583,0.9041,0.4074,0.4962,0.192,0.3445,1367
